0 <==> 1 6 17
1 <==> 0 2 7 18
2 <==> 1 3 19
3 <==> 2 4 8 20
4 <==> 3 5 9 21
5 <==> 4 10 22
6 <==> 0 7 11 23
7 <==> 1 6 12 24
8 <==> 3 9 14 25
9 <==> 4 8 10 15 26
10 <==> 5 9 16 27
11 <==> 6 12 28
12 <==> 7 11 13 29
13 <==> 12 14 30
14 <==> 8 13 15 31
15 <==> 9 14 16 32
16 <==> 10 33
17 <==> 0 18 23 34
18 <==> 1 17 19 24 35
19 <==> 2 18 20 36
20 <==> 3 19 21 25 37
21 <==> 4 20 22 26 38
22 <==> 5 21 27 39
23 <==> 6 17 24 28 40
24 <==> 7 18 23 29 41
25 <==> 8 20 26 31 42
26 <==> 9 21 25 27 32 43
27 <==> 10 22 26 33 44
28 <==> 11 23 29 45
29 <==> 12 24 28 30 46
30 <==> 13 29 31 47
31 <==> 14 25 30 32 48
32 <==> 15 26 31 33 49
33 <==> 16 27 50
34 <==> 17 35 40 51
35 <==> 18 34 36 41 52
36 <==> 19 35 37 53
37 <==> 20 36 38 42 54
38 <==> 21 37 39 43 55
39 <==> 22 38 44 56
40 <==> 23 34 41 45 57
41 <==> 24 35 40 46 58
42 <==> 25 37 43 48 59
43 <==> 26 38 42 44 49 60
44 <==> 27 39 43 50 61
45 <==> 28 40 46 62
46 <==> 29 41 45 47 63
47 <==> 30 46 48 64
48 <==> 31 42 47 49 65
49 <==> 32 43 48 50 66
50 <==> 33 44 67
51 <==> 34 52 57
52 <==> 35 51 53 58
53 <==> 36 52 54
54 <==> 37 53 55 59
55 <==> 38 54 56 60
56 <==> 39 55 61
57 <==> 40 51 58 62
58 <==> 41 52 57 63
59 <==> 42 54 60 65
60 <==> 43 55 59 61 66
61 <==> 44 56 60 67
62 <==> 45 57 63
63 <==> 46 58 62 64
64 <==> 47 63 65
65 <==> 48 59 64 66
66 <==> 49 60 65 67
67 <==> 50 61