0 <==> 1 3 10
1 <==> 0 2 4 11
2 <==> 1 5 12
3 <==> 0 4 6 13
4 <==> 1 3 5 7 14
5 <==> 2 4 8 15
6 <==> 3 7 16
7 <==> 4 6 8 9 17
8 <==> 5 7 18
9 <==> 7 19
10 <==> 0 11 13 20
11 <==> 1 10 12 14 21
12 <==> 2 11 15 22
13 <==> 3 10 14 16 23
14 <==> 4 11 13 15 17 24
15 <==> 5 12 14 18 25
16 <==> 6 13 17 26
17 <==> 7 14 16 18 19 27
18 <==> 8 15 17 28
19 <==> 9 17 29
20 <==> 10 21 23
21 <==> 11 20 22 24
22 <==> 12 21 25
23 <==> 13 20 24 26
24 <==> 14 21 23 25 27
25 <==> 15 22 24 28
26 <==> 16 23 27
27 <==> 17 24 26 28 29
28 <==> 18 25 27
29 <==> 19 27