0 <==> 1 2 7 14
1 <==> 0 3 8 15
2 <==> 0 3 4 9 16
3 <==> 1 2 5 10 17
4 <==> 2 5 6 11 18
5 <==> 3 4 12 19
6 <==> 4 13 20
7 <==> 0 8 9 21
8 <==> 1 7 10 22
9 <==> 2 7 10 11 23
10 <==> 3 8 9 12 24
11 <==> 4 9 12 13 25
12 <==> 5 10 11 26
13 <==> 6 11 27
14 <==> 0 15 16 21 28
15 <==> 1 14 17 22 29
16 <==> 2 14 17 18 23 30
17 <==> 3 15 16 19 24 31
18 <==> 4 16 19 20 25 32
19 <==> 5 17 18 26 33
20 <==> 6 18 27 34
21 <==> 7 14 22 23 35
22 <==> 8 15 21 24 36
23 <==> 9 16 21 24 25 37
24 <==> 10 17 22 23 26 38
25 <==> 11 18 23 26 27 39
26 <==> 12 19 24 25 40
27 <==> 13 20 25 41
28 <==> 14 29 30 35 42
29 <==> 15 28 31 36 43
30 <==> 16 28 31 32 37 44
31 <==> 17 29 30 33 38 45
32 <==> 18 30 33 34 39 46
33 <==> 19 31 32 40 47
34 <==> 20 32 41 48
35 <==> 21 28 36 37
36 <==> 22 29 35 38
37 <==> 23 30 35 38 39
38 <==> 24 31 36 37 40
39 <==> 25 32 37 40 41
40 <==> 26 33 38 39
41 <==> 27 34 39
42 <==> 28 43 44
43 <==> 29 42 45
44 <==> 30 42 45 46
45 <==> 31 43 44 47
46 <==> 32 44 47 48
47 <==> 33 45 46
48 <==> 34 46