0 <==> 1 2 4 11
1 <==> 0 3 5 12
2 <==> 0 3 6 13
3 <==> 1 2 7 14
4 <==> 0 5 6 8 15
5 <==> 1 4 7 16
6 <==> 2 4 7 9 17
7 <==> 3 5 6 10 18
8 <==> 4 9 19
9 <==> 6 8 10 20
10 <==> 7 9 21
11 <==> 0 12 13 15 22
12 <==> 1 11 14 16 23
13 <==> 2 11 14 17 24
14 <==> 3 12 13 18 25
15 <==> 4 11 16 17 19 26
16 <==> 5 12 15 18 27
17 <==> 6 13 15 18 20 28
18 <==> 7 14 16 17 21 29
19 <==> 8 15 20 30
20 <==> 9 17 19 21 31
21 <==> 10 18 20 32
22 <==> 11 23 24 26
23 <==> 12 22 25 27
24 <==> 13 22 25 28
25 <==> 14 23 24 29
26 <==> 15 22 27 28 30
27 <==> 16 23 26 29
28 <==> 17 24 26 29 31
29 <==> 18 25 27 28 32
30 <==> 19 26 31
31 <==> 20 28 30 32
32 <==> 21 29 31