0 <==> 1 2 4 7 14 28
1 <==> 0 3 8 15 29
2 <==> 0 3 5 9 16 30
3 <==> 1 2 6 10 17 31
4 <==> 0 5 11 18 32
5 <==> 2 4 6 12 19 33
6 <==> 3 5 13 20 34
7 <==> 0 8 9 11 21
8 <==> 1 7 10 22
9 <==> 2 7 10 12 23
10 <==> 3 8 9 13 24
11 <==> 4 7 12 25
12 <==> 5 9 11 13 26
13 <==> 6 10 12 27
14 <==> 0 15 16 18 21 35
15 <==> 1 14 17 22 36
16 <==> 2 14 17 19 23 37
17 <==> 3 15 16 20 24 38
18 <==> 4 14 19 25 39
19 <==> 5 16 18 20 26 40
20 <==> 6 17 19 27 41
21 <==> 7 14 22 23 25 42
22 <==> 8 15 21 24 43
23 <==> 9 16 21 24 26 44
24 <==> 10 17 22 23 27 45
25 <==> 11 18 21 26 46
26 <==> 12 19 23 25 27 47
27 <==> 13 20 24 26 48
28 <==> 0 29 30 32 35
29 <==> 1 28 31 36
30 <==> 2 28 31 33 37
31 <==> 3 29 30 34 38
32 <==> 4 28 33 39
33 <==> 5 30 32 34 40
34 <==> 6 31 33 41
35 <==> 14 28 36 37 39 42
36 <==> 15 29 35 38 43
37 <==> 16 30 35 38 40 44
38 <==> 17 31 36 37 41 45
39 <==> 18 32 35 40 46
40 <==> 19 33 37 39 41 47
41 <==> 20 34 38 40 48
42 <==> 21 35 43 44 46
43 <==> 22 36 42 45
44 <==> 23 37 42 45 47
45 <==> 24 38 43 44 48
46 <==> 25 39 42 47
47 <==> 26 40 44 46 48
48 <==> 27 41 45 47