0 <==> 1 3 6 12
1 <==> 0 2 4 7 13
2 <==> 1 5 8 14
3 <==> 0 4 9 15
4 <==> 1 3 5 10 16
5 <==> 2 4 11 17
6 <==> 0 7 9 18
7 <==> 1 6 8 10 19
8 <==> 2 7 11 20
9 <==> 3 6 10 21
10 <==> 4 7 9 11 22
11 <==> 5 8 10 23
12 <==> 0 13 15 18 24
13 <==> 1 12 14 16 19 25
14 <==> 2 13 17 20 26
15 <==> 3 12 16 21
16 <==> 4 13 15 17 22
17 <==> 5 14 16 23
18 <==> 6 12 19 21 27
19 <==> 7 13 18 20 22 28
20 <==> 8 14 19 23 29
21 <==> 9 15 18 22 30
22 <==> 10 16 19 21 23 31
23 <==> 11 17 20 22 32
24 <==> 12 25 27
25 <==> 13 24 26 28
26 <==> 14 25 29
27 <==> 18 24 28 30
28 <==> 19 25 27 29 31
29 <==> 20 26 28 32
30 <==> 21 27 31
31 <==> 22 28 30 32
32 <==> 23 29 31