0 <==> 1 2 4 11 22 44
1 <==> 0 3 5 12 23 45
2 <==> 0 3 6 13 24 46
3 <==> 1 2 7 14 25 47
4 <==> 0 5 6 8 15 26 48
5 <==> 1 4 7 16 27 49
6 <==> 2 4 7 9 17 28 50
7 <==> 3 5 6 10 18 29 51
8 <==> 4 9 19 30 52
9 <==> 6 8 10 20 31 53
10 <==> 7 9 21 32 54
11 <==> 0 12 13 15 33 55
12 <==> 1 11 14 16 34 56
13 <==> 2 11 14 17 35 57
14 <==> 3 12 13 18 36 58
15 <==> 4 11 16 17 19 37 59
16 <==> 5 12 15 18 38 60
17 <==> 6 13 15 18 20 39 61
18 <==> 7 14 16 17 21 40 62
19 <==> 8 15 20 41 63
20 <==> 9 17 19 21 42 64
21 <==> 10 18 20 43 65
22 <==> 0 23 24 26 33 66
23 <==> 1 22 25 27 34 67
24 <==> 2 22 25 28 35 68
25 <==> 3 23 24 29 36 69
26 <==> 4 22 27 28 30 37 70
27 <==> 5 23 26 29 38 71
28 <==> 6 24 26 29 31 39 72
29 <==> 7 25 27 28 32 40 73
30 <==> 8 26 31 41 74
31 <==> 9 28 30 32 42 75
32 <==> 10 29 31 43 76
33 <==> 11 22 34 35 37 77
34 <==> 12 23 33 36 38 78
35 <==> 13 24 33 36 39 79
36 <==> 14 25 34 35 40 80
37 <==> 15 26 33 38 39 41 81
38 <==> 16 27 34 37 40 82
39 <==> 17 28 35 37 40 42 83
40 <==> 18 29 36 38 39 43 84
41 <==> 19 30 37 42 85
42 <==> 20 31 39 41 43 86
43 <==> 21 32 40 42 87
44 <==> 0 45 46 48 55 66 88
45 <==> 1 44 47 49 56 67 89
46 <==> 2 44 47 50 57 68 90
47 <==> 3 45 46 51 58 69 91
48 <==> 4 44 49 50 52 59 70 92
49 <==> 5 45 48 51 60 71 93
50 <==> 6 46 48 51 53 61 72 94
51 <==> 7 47 49 50 54 62 73 95
52 <==> 8 48 53 63 74 96
53 <==> 9 50 52 54 64 75 97
54 <==> 10 51 53 65 76 98
55 <==> 11 44 56 57 59 77
56 <==> 12 45 55 58 60 78
57 <==> 13 46 55 58 61 79
58 <==> 14 47 56 57 62 80
59 <==> 15 48 55 60 61 63 81
60 <==> 16 49 56 59 62 82
61 <==> 17 50 57 59 62 64 83
62 <==> 18 51 58 60 61 65 84
63 <==> 19 52 59 64 85
64 <==> 20 53 61 63 65 86
65 <==> 21 54 62 64 87
66 <==> 22 44 67 68 70 77 99
67 <==> 23 45 66 69 71 78 100
68 <==> 24 46 66 69 72 79 101
69 <==> 25 47 67 68 73 80 102
70 <==> 26 48 66 71 72 74 81 103
71 <==> 27 49 67 70 73 82 104
72 <==> 28 50 68 70 73 75 83 105
73 <==> 29 51 69 71 72 76 84 106
74 <==> 30 52 70 75 85 107
75 <==> 31 53 72 74 76 86 108
76 <==> 32 54 73 75 87 109
77 <==> 33 55 66 78 79 81 110
78 <==> 34 56 67 77 80 82 111
79 <==> 35 57 68 77 80 83 112
80 <==> 36 58 69 78 79 84 113
81 <==> 37 59 70 77 82 83 85 114
82 <==> 38 60 71 78 81 84 115
83 <==> 39 61 72 79 81 84 86 116
84 <==> 40 62 73 80 82 83 87 117
85 <==> 41 63 74 81 86 118
86 <==> 42 64 75 83 85 87 119
87 <==> 43 65 76 84 86 120
88 <==> 44 89 90 92 99
89 <==> 45 88 91 93 100
90 <==> 46 88 91 94 101
91 <==> 47 89 90 95 102
92 <==> 48 88 93 94 96 103
93 <==> 49 89 92 95 104
94 <==> 50 90 92 95 97 105
95 <==> 51 91 93 94 98 106
96 <==> 52 92 97 107
97 <==> 53 94 96 98 108
98 <==> 54 95 97 109
99 <==> 66 88 100 101 103 110
100 <==> 67 89 99 102 104 111
101 <==> 68 90 99 102 105 112
102 <==> 69 91 100 101 106 113
103 <==> 70 92 99 104 105 107 114
104 <==> 71 93 100 103 106 115
105 <==> 72 94 101 103 106 108 116
106 <==> 73 95 102 104 105 109 117
107 <==> 74 96 103 108 118
108 <==> 75 97 105 107 109 119
109 <==> 76 98 106 108 120
110 <==> 77 99 111 112 114
111 <==> 78 100 110 113 115
112 <==> 79 101 110 113 116
113 <==> 80 102 111 112 117
114 <==> 81 103 110 115 116 118
115 <==> 82 104 111 114 117
116 <==> 83 105 112 114 117 119
117 <==> 84 106 113 115 116 120
118 <==> 85 107 114 119
119 <==> 86 108 116 118 120
120 <==> 87 109 117 119