0 <==> 1 2 4 11 22 44 121 242 484
1 <==> 0 3 5 12 23 45 122 243 485
2 <==> 0 3 6 13 24 46 123 244 486
3 <==> 1 2 7 14 25 47 124 245 487
4 <==> 0 5 6 8 15 26 48 125 246 488
5 <==> 1 4 7 16 27 49 126 247 489
6 <==> 2 4 7 9 17 28 50 127 248 490
7 <==> 3 5 6 10 18 29 51 128 249 491
8 <==> 4 9 19 30 52 129 250 492
9 <==> 6 8 10 20 31 53 130 251 493
10 <==> 7 9 21 32 54 131 252 494
11 <==> 0 12 13 15 33 55 132 253 495
12 <==> 1 11 14 16 34 56 133 254 496
13 <==> 2 11 14 17 35 57 134 255 497
14 <==> 3 12 13 18 36 58 135 256 498
15 <==> 4 11 16 17 19 37 59 136 257 499
16 <==> 5 12 15 18 38 60 137 258 500
17 <==> 6 13 15 18 20 39 61 138 259 501
18 <==> 7 14 16 17 21 40 62 139 260 502
19 <==> 8 15 20 41 63 140 261 503
20 <==> 9 17 19 21 42 64 141 262 504
21 <==> 10 18 20 43 65 142 263 505
22 <==> 0 23 24 26 33 66 143 264 506
23 <==> 1 22 25 27 34 67 144 265 507
24 <==> 2 22 25 28 35 68 145 266 508
25 <==> 3 23 24 29 36 69 146 267 509
26 <==> 4 22 27 28 30 37 70 147 268 510
27 <==> 5 23 26 29 38 71 148 269 511
28 <==> 6 24 26 29 31 39 72 149 270 512
29 <==> 7 25 27 28 32 40 73 150 271 513
30 <==> 8 26 31 41 74 151 272 514
31 <==> 9 28 30 32 42 75 152 273 515
32 <==> 10 29 31 43 76 153 274 516
33 <==> 11 22 34 35 37 77 154 275 517
34 <==> 12 23 33 36 38 78 155 276 518
35 <==> 13 24 33 36 39 79 156 277 519
36 <==> 14 25 34 35 40 80 157 278 520
37 <==> 15 26 33 38 39 41 81 158 279 521
38 <==> 16 27 34 37 40 82 159 280 522
39 <==> 17 28 35 37 40 42 83 160 281 523
40 <==> 18 29 36 38 39 43 84 161 282 524
41 <==> 19 30 37 42 85 162 283 525
42 <==> 20 31 39 41 43 86 163 284 526
43 <==> 21 32 40 42 87 164 285 527
44 <==> 0 45 46 48 55 66 88 165 286 528
45 <==> 1 44 47 49 56 67 89 166 287 529
46 <==> 2 44 47 50 57 68 90 167 288 530
47 <==> 3 45 46 51 58 69 91 168 289 531
48 <==> 4 44 49 50 52 59 70 92 169 290 532
49 <==> 5 45 48 51 60 71 93 170 291 533
50 <==> 6 46 48 51 53 61 72 94 171 292 534
51 <==> 7 47 49 50 54 62 73 95 172 293 535
52 <==> 8 48 53 63 74 96 173 294 536
53 <==> 9 50 52 54 64 75 97 174 295 537
54 <==> 10 51 53 65 76 98 175 296 538
55 <==> 11 44 56 57 59 77 176 297 539
56 <==> 12 45 55 58 60 78 177 298 540
57 <==> 13 46 55 58 61 79 178 299 541
58 <==> 14 47 56 57 62 80 179 300 542
59 <==> 15 48 55 60 61 63 81 180 301 543
60 <==> 16 49 56 59 62 82 181 302 544
61 <==> 17 50 57 59 62 64 83 182 303 545
62 <==> 18 51 58 60 61 65 84 183 304 546
63 <==> 19 52 59 64 85 184 305 547
64 <==> 20 53 61 63 65 86 185 306 548
65 <==> 21 54 62 64 87 186 307 549
66 <==> 22 44 67 68 70 77 99 187 308 550
67 <==> 23 45 66 69 71 78 100 188 309 551
68 <==> 24 46 66 69 72 79 101 189 310 552
69 <==> 25 47 67 68 73 80 102 190 311 553
70 <==> 26 48 66 71 72 74 81 103 191 312 554
71 <==> 27 49 67 70 73 82 104 192 313 555
72 <==> 28 50 68 70 73 75 83 105 193 314 556
73 <==> 29 51 69 71 72 76 84 106 194 315 557
74 <==> 30 52 70 75 85 107 195 316 558
75 <==> 31 53 72 74 76 86 108 196 317 559
76 <==> 32 54 73 75 87 109 197 318 560
77 <==> 33 55 66 78 79 81 110 198 319 561
78 <==> 34 56 67 77 80 82 111 199 320 562
79 <==> 35 57 68 77 80 83 112 200 321 563
80 <==> 36 58 69 78 79 84 113 201 322 564
81 <==> 37 59 70 77 82 83 85 114 202 323 565
82 <==> 38 60 71 78 81 84 115 203 324 566
83 <==> 39 61 72 79 81 84 86 116 204 325 567
84 <==> 40 62 73 80 82 83 87 117 205 326 568
85 <==> 41 63 74 81 86 118 206 327 569
86 <==> 42 64 75 83 85 87 119 207 328 570
87 <==> 43 65 76 84 86 120 208 329 571
88 <==> 44 89 90 92 99 209 330 572
89 <==> 45 88 91 93 100 210 331 573
90 <==> 46 88 91 94 101 211 332 574
91 <==> 47 89 90 95 102 212 333 575
92 <==> 48 88 93 94 96 103 213 334 576
93 <==> 49 89 92 95 104 214 335 577
94 <==> 50 90 92 95 97 105 215 336 578
95 <==> 51 91 93 94 98 106 216 337 579
96 <==> 52 92 97 107 217 338 580
97 <==> 53 94 96 98 108 218 339 581
98 <==> 54 95 97 109 219 340 582
99 <==> 66 88 100 101 103 110 220 341 583
100 <==> 67 89 99 102 104 111 221 342 584
101 <==> 68 90 99 102 105 112 222 343 585
102 <==> 69 91 100 101 106 113 223 344 586
103 <==> 70 92 99 104 105 107 114 224 345 587
104 <==> 71 93 100 103 106 115 225 346 588
105 <==> 72 94 101 103 106 108 116 226 347 589
106 <==> 73 95 102 104 105 109 117 227 348 590
107 <==> 74 96 103 108 118 228 349 591
108 <==> 75 97 105 107 109 119 229 350 592
109 <==> 76 98 106 108 120 230 351 593
110 <==> 77 99 111 112 114 231 352 594
111 <==> 78 100 110 113 115 232 353 595
112 <==> 79 101 110 113 116 233 354 596
113 <==> 80 102 111 112 117 234 355 597
114 <==> 81 103 110 115 116 118 235 356 598
115 <==> 82 104 111 114 117 236 357 599
116 <==> 83 105 112 114 117 119 237 358 600
117 <==> 84 106 113 115 116 120 238 359 601
118 <==> 85 107 114 119 239 360 602
119 <==> 86 108 116 118 120 240 361 603
120 <==> 87 109 117 119 241 362 604
121 <==> 0 122 123 125 132 143 165 363 605
122 <==> 1 121 124 126 133 144 166 364 606
123 <==> 2 121 124 127 134 145 167 365 607
124 <==> 3 122 123 128 135 146 168 366 608
125 <==> 4 121 126 127 129 136 147 169 367 609
126 <==> 5 122 125 128 137 148 170 368 610
127 <==> 6 123 125 128 130 138 149 171 369 611
128 <==> 7 124 126 127 131 139 150 172 370 612
129 <==> 8 125 130 140 151 173 371 613
130 <==> 9 127 129 131 141 152 174 372 614
131 <==> 10 128 130 142 153 175 373 615
132 <==> 11 121 133 134 136 154 176 374 616
133 <==> 12 122 132 135 137 155 177 375 617
134 <==> 13 123 132 135 138 156 178 376 618
135 <==> 14 124 133 134 139 157 179 377 619
136 <==> 15 125 132 137 138 140 158 180 378 620
137 <==> 16 126 133 136 139 159 181 379 621
138 <==> 17 127 134 136 139 141 160 182 380 622
139 <==> 18 128 135 137 138 142 161 183 381 623
140 <==> 19 129 136 141 162 184 382 624
141 <==> 20 130 138 140 142 163 185 383 625
142 <==> 21 131 139 141 164 186 384 626
143 <==> 22 121 144 145 147 154 187 385 627
144 <==> 23 122 143 146 148 155 188 386 628
145 <==> 24 123 143 146 149 156 189 387 629
146 <==> 25 124 144 145 150 157 190 388 630
147 <==> 26 125 143 148 149 151 158 191 389 631
148 <==> 27 126 144 147 150 159 192 390 632
149 <==> 28 127 145 147 150 152 160 193 391 633
150 <==> 29 128 146 148 149 153 161 194 392 634
151 <==> 30 129 147 152 162 195 393 635
152 <==> 31 130 149 151 153 163 196 394 636
153 <==> 32 131 150 152 164 197 395 637
154 <==> 33 132 143 155 156 158 198 396 638
155 <==> 34 133 144 154 157 159 199 397 639
156 <==> 35 134 145 154 157 160 200 398 640
157 <==> 36 135 146 155 156 161 201 399 641
158 <==> 37 136 147 154 159 160 162 202 400 642
159 <==> 38 137 148 155 158 161 203 401 643
160 <==> 39 138 149 156 158 161 163 204 402 644
161 <==> 40 139 150 157 159 160 164 205 403 645
162 <==> 41 140 151 158 163 206 404 646
163 <==> 42 141 152 160 162 164 207 405 647
164 <==> 43 142 153 161 163 208 406 648
165 <==> 44 121 166 167 169 176 187 209 407 649
166 <==> 45 122 165 168 170 177 188 210 408 650
167 <==> 46 123 165 168 171 178 189 211 409 651
168 <==> 47 124 166 167 172 179 190 212 410 652
169 <==> 48 125 165 170 171 173 180 191 213 411 653
170 <==> 49 126 166 169 172 181 192 214 412 654
171 <==> 50 127 167 169 172 174 182 193 215 413 655
172 <==> 51 128 168 170 171 175 183 194 216 414 656
173 <==> 52 129 169 174 184 195 217 415 657
174 <==> 53 130 171 173 175 185 196 218 416 658
175 <==> 54 131 172 174 186 197 219 417 659
176 <==> 55 132 165 177 178 180 198 418 660
177 <==> 56 133 166 176 179 181 199 419 661
178 <==> 57 134 167 176 179 182 200 420 662
179 <==> 58 135 168 177 178 183 201 421 663
180 <==> 59 136 169 176 181 182 184 202 422 664
181 <==> 60 137 170 177 180 183 203 423 665
182 <==> 61 138 171 178 180 183 185 204 424 666
183 <==> 62 139 172 179 181 182 186 205 425 667
184 <==> 63 140 173 180 185 206 426 668
185 <==> 64 141 174 182 184 186 207 427 669
186 <==> 65 142 175 183 185 208 428 670
187 <==> 66 143 165 188 189 191 198 220 429 671
188 <==> 67 144 166 187 190 192 199 221 430 672
189 <==> 68 145 167 187 190 193 200 222 431 673
190 <==> 69 146 168 188 189 194 201 223 432 674
191 <==> 70 147 169 187 192 193 195 202 224 433 675
192 <==> 71 148 170 188 191 194 203 225 434 676
193 <==> 72 149 171 189 191 194 196 204 226 435 677
194 <==> 73 150 172 190 192 193 197 205 227 436 678
195 <==> 74 151 173 191 196 206 228 437 679
196 <==> 75 152 174 193 195 197 207 229 438 680
197 <==> 76 153 175 194 196 208 230 439 681
198 <==> 77 154 176 187 199 200 202 231 440 682
199 <==> 78 155 177 188 198 201 203 232 441 683
200 <==> 79 156 178 189 198 201 204 233 442 684
201 <==> 80 157 179 190 199 200 205 234 443 685
202 <==> 81 158 180 191 198 203 204 206 235 444 686
203 <==> 82 159 181 192 199 202 205 236 445 687
204 <==> 83 160 182 193 200 202 205 207 237 446 688
205 <==> 84 161 183 194 201 203 204 208 238 447 689
206 <==> 85 162 184 195 202 207 239 448 690
207 <==> 86 163 185 196 204 206 208 240 449 691
208 <==> 87 164 186 197 205 207 241 450 692
209 <==> 88 165 210 211 213 220 451 693
210 <==> 89 166 209 212 214 221 452 694
211 <==> 90 167 209 212 215 222 453 695
212 <==> 91 168 210 211 216 223 454 696
213 <==> 92 169 209 214 215 217 224 455 697
214 <==> 93 170 210 213 216 225 456 698
215 <==> 94 171 211 213 216 218 226 457 699
216 <==> 95 172 212 214 215 219 227 458 700
217 <==> 96 173 213 218 228 459 701
218 <==> 97 174 215 217 219 229 460 702
219 <==> 98 175 216 218 230 461 703
220 <==> 99 187 209 221 222 224 231 462 704
221 <==> 100 188 210 220 223 225 232 463 705
222 <==> 101 189 211 220 223 226 233 464 706
223 <==> 102 190 212 221 222 227 234 465 707
224 <==> 103 191 213 220 225 226 228 235 466 708
225 <==> 104 192 214 221 224 227 236 467 709
226 <==> 105 193 215 222 224 227 229 237 468 710
227 <==> 106 194 216 223 225 226 230 238 469 711
228 <==> 107 195 217 224 229 239 470 712
229 <==> 108 196 218 226 228 230 240 471 713
230 <==> 109 197 219 227 229 241 472 714
231 <==> 110 198 220 232 233 235 473 715
232 <==> 111 199 221 231 234 236 474 716
233 <==> 112 200 222 231 234 237 475 717
234 <==> 113 201 223 232 233 238 476 718
235 <==> 114 202 224 231 236 237 239 477 719
236 <==> 115 203 225 232 235 238 478 720
237 <==> 116 204 226 233 235 238 240 479 721
238 <==> 117 205 227 234 236 237 241 480 722
239 <==> 118 206 228 235 240 481 723
240 <==> 119 207 229 237 239 241 482 724
241 <==> 120 208 230 238 240 483 725
242 <==> 0 243 244 246 253 264 286 363 726
243 <==> 1 242 245 247 254 265 287 364 727
244 <==> 2 242 245 248 255 266 288 365 728
245 <==> 3 243 244 249 256 267 289 366 729
246 <==> 4 242 247 248 250 257 268 290 367 730
247 <==> 5 243 246 249 258 269 291 368 731
248 <==> 6 244 246 249 251 259 270 292 369 732
249 <==> 7 245 247 248 252 260 271 293 370 733
250 <==> 8 246 251 261 272 294 371 734
251 <==> 9 248 250 252 262 273 295 372 735
252 <==> 10 249 251 263 274 296 373 736
253 <==> 11 242 254 255 257 275 297 374 737
254 <==> 12 243 253 256 258 276 298 375 738
255 <==> 13 244 253 256 259 277 299 376 739
256 <==> 14 245 254 255 260 278 300 377 740
257 <==> 15 246 253 258 259 261 279 301 378 741
258 <==> 16 247 254 257 260 280 302 379 742
259 <==> 17 248 255 257 260 262 281 303 380 743
260 <==> 18 249 256 258 259 263 282 304 381 744
261 <==> 19 250 257 262 283 305 382 745
262 <==> 20 251 259 261 263 284 306 383 746
263 <==> 21 252 260 262 285 307 384 747
264 <==> 22 242 265 266 268 275 308 385 748
265 <==> 23 243 264 267 269 276 309 386 749
266 <==> 24 244 264 267 270 277 310 387 750
267 <==> 25 245 265 266 271 278 311 388 751
268 <==> 26 246 264 269 270 272 279 312 389 752
269 <==> 27 247 265 268 271 280 313 390 753
270 <==> 28 248 266 268 271 273 281 314 391 754
271 <==> 29 249 267 269 270 274 282 315 392 755
272 <==> 30 250 268 273 283 316 393 756
273 <==> 31 251 270 272 274 284 317 394 757
274 <==> 32 252 271 273 285 318 395 758
275 <==> 33 253 264 276 277 279 319 396 759
276 <==> 34 254 265 275 278 280 320 397 760
277 <==> 35 255 266 275 278 281 321 398 761
278 <==> 36 256 267 276 277 282 322 399 762
279 <==> 37 257 268 275 280 281 283 323 400 763
280 <==> 38 258 269 276 279 282 324 401 764
281 <==> 39 259 270 277 279 282 284 325 402 765
282 <==> 40 260 271 278 280 281 285 326 403 766
283 <==> 41 261 272 279 284 327 404 767
284 <==> 42 262 273 281 283 285 328 405 768
285 <==> 43 263 274 282 284 329 406 769
286 <==> 44 242 287 288 290 297 308 330 407 770
287 <==> 45 243 286 289 291 298 309 331 408 771
288 <==> 46 244 286 289 292 299 310 332 409 772
289 <==> 47 245 287 288 293 300 311 333 410 773
290 <==> 48 246 286 291 292 294 301 312 334 411 774
291 <==> 49 247 287 290 293 302 313 335 412 775
292 <==> 50 248 288 290 293 295 303 314 336 413 776
293 <==> 51 249 289 291 292 296 304 315 337 414 777
294 <==> 52 250 290 295 305 316 338 415 778
295 <==> 53 251 292 294 296 306 317 339 416 779
296 <==> 54 252 293 295 307 318 340 417 780
297 <==> 55 253 286 298 299 301 319 418 781
298 <==> 56 254 287 297 300 302 320 419 782
299 <==> 57 255 288 297 300 303 321 420 783
300 <==> 58 256 289 298 299 304 322 421 784
301 <==> 59 257 290 297 302 303 305 323 422 785
302 <==> 60 258 291 298 301 304 324 423 786
303 <==> 61 259 292 299 301 304 306 325 424 787
304 <==> 62 260 293 300 302 303 307 326 425 788
305 <==> 63 261 294 301 306 327 426 789
306 <==> 64 262 295 303 305 307 328 427 790
307 <==> 65 263 296 304 306 329 428 791
308 <==> 66 264 286 309 310 312 319 341 429 792
309 <==> 67 265 287 308 311 313 320 342 430 793
310 <==> 68 266 288 308 311 314 321 343 431 794
311 <==> 69 267 289 309 310 315 322 344 432 795
312 <==> 70 268 290 308 313 314 316 323 345 433 796
313 <==> 71 269 291 309 312 315 324 346 434 797
314 <==> 72 270 292 310 312 315 317 325 347 435 798
315 <==> 73 271 293 311 313 314 318 326 348 436 799
316 <==> 74 272 294 312 317 327 349 437 800
317 <==> 75 273 295 314 316 318 328 350 438 801
318 <==> 76 274 296 315 317 329 351 439 802
319 <==> 77 275 297 308 320 321 323 352 440 803
320 <==> 78 276 298 309 319 322 324 353 441 804
321 <==> 79 277 299 310 319 322 325 354 442 805
322 <==> 80 278 300 311 320 321 326 355 443 806
323 <==> 81 279 301 312 319 324 325 327 356 444 807
324 <==> 82 280 302 313 320 323 326 357 445 808
325 <==> 83 281 303 314 321 323 326 328 358 446 809
326 <==> 84 282 304 315 322 324 325 329 359 447 810
327 <==> 85 283 305 316 323 328 360 448 811
328 <==> 86 284 306 317 325 327 329 361 449 812
329 <==> 87 285 307 318 326 328 362 450 813
330 <==> 88 286 331 332 334 341 451 814
331 <==> 89 287 330 333 335 342 452 815
332 <==> 90 288 330 333 336 343 453 816
333 <==> 91 289 331 332 337 344 454 817
334 <==> 92 290 330 335 336 338 345 455 818
335 <==> 93 291 331 334 337 346 456 819
336 <==> 94 292 332 334 337 339 347 457 820
337 <==> 95 293 333 335 336 340 348 458 821
338 <==> 96 294 334 339 349 459 822
339 <==> 97 295 336 338 340 350 460 823
340 <==> 98 296 337 339 351 461 824
341 <==> 99 308 330 342 343 345 352 462 825
342 <==> 100 309 331 341 344 346 353 463 826
343 <==> 101 310 332 341 344 347 354 464 827
344 <==> 102 311 333 342 343 348 355 465 828
345 <==> 103 312 334 341 346 347 349 356 466 829
346 <==> 104 313 335 342 345 348 357 467 830
347 <==> 105 314 336 343 345 348 350 358 468 831
348 <==> 106 315 337 344 346 347 351 359 469 832
349 <==> 107 316 338 345 350 360 470 833
350 <==> 108 317 339 347 349 351 361 471 834
351 <==> 109 318 340 348 350 362 472 835
352 <==> 110 319 341 353 354 356 473 836
353 <==> 111 320 342 352 355 357 474 837
354 <==> 112 321 343 352 355 358 475 838
355 <==> 113 322 344 353 354 359 476 839
356 <==> 114 323 345 352 357 358 360 477 840
357 <==> 115 324 346 353 356 359 478 841
358 <==> 116 325 347 354 356 359 361 479 842
359 <==> 117 326 348 355 357 358 362 480 843
360 <==> 118 327 349 356 361 481 844
361 <==> 119 328 350 358 360 362 482 845
362 <==> 120 329 351 359 361 483 846
363 <==> 121 242 364 365 367 374 385 407 847
364 <==> 122 243 363 366 368 375 386 408 848
365 <==> 123 244 363 366 369 376 387 409 849
366 <==> 124 245 364 365 370 377 388 410 850
367 <==> 125 246 363 368 369 371 378 389 411 851
368 <==> 126 247 364 367 370 379 390 412 852
369 <==> 127 248 365 367 370 372 380 391 413 853
370 <==> 128 249 366 368 369 373 381 392 414 854
371 <==> 129 250 367 372 382 393 415 855
372 <==> 130 251 369 371 373 383 394 416 856
373 <==> 131 252 370 372 384 395 417 857
374 <==> 132 253 363 375 376 378 396 418 858
375 <==> 133 254 364 374 377 379 397 419 859
376 <==> 134 255 365 374 377 380 398 420 860
377 <==> 135 256 366 375 376 381 399 421 861
378 <==> 136 257 367 374 379 380 382 400 422 862
379 <==> 137 258 368 375 378 381 401 423 863
380 <==> 138 259 369 376 378 381 383 402 424 864
381 <==> 139 260 370 377 379 380 384 403 425 865
382 <==> 140 261 371 378 383 404 426 866
383 <==> 141 262 372 380 382 384 405 427 867
384 <==> 142 263 373 381 383 406 428 868
385 <==> 143 264 363 386 387 389 396 429 869
386 <==> 144 265 364 385 388 390 397 430 870
387 <==> 145 266 365 385 388 391 398 431 871
388 <==> 146 267 366 386 387 392 399 432 872
389 <==> 147 268 367 385 390 391 393 400 433 873
390 <==> 148 269 368 386 389 392 401 434 874
391 <==> 149 270 369 387 389 392 394 402 435 875
392 <==> 150 271 370 388 390 391 395 403 436 876
393 <==> 151 272 371 389 394 404 437 877
394 <==> 152 273 372 391 393 395 405 438 878
395 <==> 153 274 373 392 394 406 439 879
396 <==> 154 275 374 385 397 398 400 440 880
397 <==> 155 276 375 386 396 399 401 441 881
398 <==> 156 277 376 387 396 399 402 442 882
399 <==> 157 278 377 388 397 398 403 443 883
400 <==> 158 279 378 389 396 401 402 404 444 884
401 <==> 159 280 379 390 397 400 403 445 885
402 <==> 160 281 380 391 398 400 403 405 446 886
403 <==> 161 282 381 392 399 401 402 406 447 887
404 <==> 162 283 382 393 400 405 448 888
405 <==> 163 284 383 394 402 404 406 449 889
406 <==> 164 285 384 395 403 405 450 890
407 <==> 165 286 363 408 409 411 418 429 451 891
408 <==> 166 287 364 407 410 412 419 430 452 892
409 <==> 167 288 365 407 410 413 420 431 453 893
410 <==> 168 289 366 408 409 414 421 432 454 894
411 <==> 169 290 367 407 412 413 415 422 433 455 895
412 <==> 170 291 368 408 411 414 423 434 456 896
413 <==> 171 292 369 409 411 414 416 424 435 457 897
414 <==> 172 293 370 410 412 413 417 425 436 458 898
415 <==> 173 294 371 411 416 426 437 459 899
416 <==> 174 295 372 413 415 417 427 438 460 900
417 <==> 175 296 373 414 416 428 439 461 901
418 <==> 176 297 374 407 419 420 422 440 902
419 <==> 177 298 375 408 418 421 423 441 903
420 <==> 178 299 376 409 418 421 424 442 904
421 <==> 179 300 377 410 419 420 425 443 905
422 <==> 180 301 378 411 418 423 424 426 444 906
423 <==> 181 302 379 412 419 422 425 445 907
424 <==> 182 303 380 413 420 422 425 427 446 908
425 <==> 183 304 381 414 421 423 424 428 447 909
426 <==> 184 305 382 415 422 427 448 910
427 <==> 185 306 383 416 424 426 428 449 911
428 <==> 186 307 384 417 425 427 450 912
429 <==> 187 308 385 407 430 431 433 440 462 913
430 <==> 188 309 386 408 429 432 434 441 463 914
431 <==> 189 310 387 409 429 432 435 442 464 915
432 <==> 190 311 388 410 430 431 436 443 465 916
433 <==> 191 312 389 411 429 434 435 437 444 466 917
434 <==> 192 313 390 412 430 433 436 445 467 918
435 <==> 193 314 391 413 431 433 436 438 446 468 919
436 <==> 194 315 392 414 432 434 435 439 447 469 920
437 <==> 195 316 393 415 433 438 448 470 921
438 <==> 196 317 394 416 435 437 439 449 471 922
439 <==> 197 318 395 417 436 438 450 472 923
440 <==> 198 319 396 418 429 441 442 444 473 924
441 <==> 199 320 397 419 430 440 443 445 474 925
442 <==> 200 321 398 420 431 440 443 446 475 926
443 <==> 201 322 399 421 432 441 442 447 476 927
444 <==> 202 323 400 422 433 440 445 446 448 477 928
445 <==> 203 324 401 423 434 441 444 447 478 929
446 <==> 204 325 402 424 435 442 444 447 449 479 930
447 <==> 205 326 403 425 436 443 445 446 450 480 931
448 <==> 206 327 404 426 437 444 449 481 932
449 <==> 207 328 405 427 438 446 448 450 482 933
450 <==> 208 329 406 428 439 447 449 483 934
451 <==> 209 330 407 452 453 455 462 935
452 <==> 210 331 408 451 454 456 463 936
453 <==> 211 332 409 451 454 457 464 937
454 <==> 212 333 410 452 453 458 465 938
455 <==> 213 334 411 451 456 457 459 466 939
456 <==> 214 335 412 452 455 458 467 940
457 <==> 215 336 413 453 455 458 460 468 941
458 <==> 216 337 414 454 456 457 461 469 942
459 <==> 217 338 415 455 460 470 943
460 <==> 218 339 416 457 459 461 471 944
461 <==> 219 340 417 458 460 472 945
462 <==> 220 341 429 451 463 464 466 473 946
463 <==> 221 342 430 452 462 465 467 474 947
464 <==> 222 343 431 453 462 465 468 475 948
465 <==> 223 344 432 454 463 464 469 476 949
466 <==> 224 345 433 455 462 467 468 470 477 950
467 <==> 225 346 434 456 463 466 469 478 951
468 <==> 226 347 435 457 464 466 469 471 479 952
469 <==> 227 348 436 458 465 467 468 472 480 953
470 <==> 228 349 437 459 466 471 481 954
471 <==> 229 350 438 460 468 470 472 482 955
472 <==> 230 351 439 461 469 471 483 956
473 <==> 231 352 440 462 474 475 477 957
474 <==> 232 353 441 463 473 476 478 958
475 <==> 233 354 442 464 473 476 479 959
476 <==> 234 355 443 465 474 475 480 960
477 <==> 235 356 444 466 473 478 479 481 961
478 <==> 236 357 445 467 474 477 480 962
479 <==> 237 358 446 468 475 477 480 482 963
480 <==> 238 359 447 469 476 478 479 483 964
481 <==> 239 360 448 470 477 482 965
482 <==> 240 361 449 471 479 481 483 966
483 <==> 241 362 450 472 480 482 967
484 <==> 0 485 486 488 495 506 528 605 726 968
485 <==> 1 484 487 489 496 507 529 606 727 969
486 <==> 2 484 487 490 497 508 530 607 728 970
487 <==> 3 485 486 491 498 509 531 608 729 971
488 <==> 4 484 489 490 492 499 510 532 609 730 972
489 <==> 5 485 488 491 500 511 533 610 731 973
490 <==> 6 486 488 491 493 501 512 534 611 732 974
491 <==> 7 487 489 490 494 502 513 535 612 733 975
492 <==> 8 488 493 503 514 536 613 734 976
493 <==> 9 490 492 494 504 515 537 614 735 977
494 <==> 10 491 493 505 516 538 615 736 978
495 <==> 11 484 496 497 499 517 539 616 737 979
496 <==> 12 485 495 498 500 518 540 617 738 980
497 <==> 13 486 495 498 501 519 541 618 739 981
498 <==> 14 487 496 497 502 520 542 619 740 982
499 <==> 15 488 495 500 501 503 521 543 620 741 983
500 <==> 16 489 496 499 502 522 544 621 742 984
501 <==> 17 490 497 499 502 504 523 545 622 743 985
502 <==> 18 491 498 500 501 505 524 546 623 744 986
503 <==> 19 492 499 504 525 547 624 745 987
504 <==> 20 493 501 503 505 526 548 625 746 988
505 <==> 21 494 502 504 527 549 626 747 989
506 <==> 22 484 507 508 510 517 550 627 748 990
507 <==> 23 485 506 509 511 518 551 628 749 991
508 <==> 24 486 506 509 512 519 552 629 750 992
509 <==> 25 487 507 508 513 520 553 630 751 993
510 <==> 26 488 506 511 512 514 521 554 631 752 994
511 <==> 27 489 507 510 513 522 555 632 753 995
512 <==> 28 490 508 510 513 515 523 556 633 754 996
513 <==> 29 491 509 511 512 516 524 557 634 755 997
514 <==> 30 492 510 515 525 558 635 756 998
515 <==> 31 493 512 514 516 526 559 636 757 999
516 <==> 32 494 513 515 527 560 637 758 1000
517 <==> 33 495 506 518 519 521 561 638 759 1001
518 <==> 34 496 507 517 520 522 562 639 760 1002
519 <==> 35 497 508 517 520 523 563 640 761 1003
520 <==> 36 498 509 518 519 524 564 641 762 1004
521 <==> 37 499 510 517 522 523 525 565 642 763 1005
522 <==> 38 500 511 518 521 524 566 643 764 1006
523 <==> 39 501 512 519 521 524 526 567 644 765 1007
524 <==> 40 502 513 520 522 523 527 568 645 766 1008
525 <==> 41 503 514 521 526 569 646 767 1009
526 <==> 42 504 515 523 525 527 570 647 768 1010
527 <==> 43 505 516 524 526 571 648 769 1011
528 <==> 44 484 529 530 532 539 550 572 649 770 1012
529 <==> 45 485 528 531 533 540 551 573 650 771 1013
530 <==> 46 486 528 531 534 541 552 574 651 772 1014
531 <==> 47 487 529 530 535 542 553 575 652 773 1015
532 <==> 48 488 528 533 534 536 543 554 576 653 774 1016
533 <==> 49 489 529 532 535 544 555 577 654 775 1017
534 <==> 50 490 530 532 535 537 545 556 578 655 776 1018
535 <==> 51 491 531 533 534 538 546 557 579 656 777 1019
536 <==> 52 492 532 537 547 558 580 657 778 1020
537 <==> 53 493 534 536 538 548 559 581 658 779 1021
538 <==> 54 494 535 537 549 560 582 659 780 1022
539 <==> 55 495 528 540 541 543 561 660 781 1023
540 <==> 56 496 529 539 542 544 562 661 782 1024
541 <==> 57 497 530 539 542 545 563 662 783 1025
542 <==> 58 498 531 540 541 546 564 663 784 1026
543 <==> 59 499 532 539 544 545 547 565 664 785 1027
544 <==> 60 500 533 540 543 546 566 665 786 1028
545 <==> 61 501 534 541 543 546 548 567 666 787 1029
546 <==> 62 502 535 542 544 545 549 568 667 788 1030
547 <==> 63 503 536 543 548 569 668 789 1031
548 <==> 64 504 537 545 547 549 570 669 790 1032
549 <==> 65 505 538 546 548 571 670 791 1033
550 <==> 66 506 528 551 552 554 561 583 671 792 1034
551 <==> 67 507 529 550 553 555 562 584 672 793 1035
552 <==> 68 508 530 550 553 556 563 585 673 794 1036
553 <==> 69 509 531 551 552 557 564 586 674 795 1037
554 <==> 70 510 532 550 555 556 558 565 587 675 796 1038
555 <==> 71 511 533 551 554 557 566 588 676 797 1039
556 <==> 72 512 534 552 554 557 559 567 589 677 798 1040
557 <==> 73 513 535 553 555 556 560 568 590 678 799 1041
558 <==> 74 514 536 554 559 569 591 679 800 1042
559 <==> 75 515 537 556 558 560 570 592 680 801 1043
560 <==> 76 516 538 557 559 571 593 681 802 1044
561 <==> 77 517 539 550 562 563 565 594 682 803 1045
562 <==> 78 518 540 551 561 564 566 595 683 804 1046
563 <==> 79 519 541 552 561 564 567 596 684 805 1047
564 <==> 80 520 542 553 562 563 568 597 685 806 1048
565 <==> 81 521 543 554 561 566 567 569 598 686 807 1049
566 <==> 82 522 544 555 562 565 568 599 687 808 1050
567 <==> 83 523 545 556 563 565 568 570 600 688 809 1051
568 <==> 84 524 546 557 564 566 567 571 601 689 810 1052
569 <==> 85 525 547 558 565 570 602 690 811 1053
570 <==> 86 526 548 559 567 569 571 603 691 812 1054
571 <==> 87 527 549 560 568 570 604 692 813 1055
572 <==> 88 528 573 574 576 583 693 814 1056
573 <==> 89 529 572 575 577 584 694 815 1057
574 <==> 90 530 572 575 578 585 695 816 1058
575 <==> 91 531 573 574 579 586 696 817 1059
576 <==> 92 532 572 577 578 580 587 697 818 1060
577 <==> 93 533 573 576 579 588 698 819 1061
578 <==> 94 534 574 576 579 581 589 699 820 1062
579 <==> 95 535 575 577 578 582 590 700 821 1063
580 <==> 96 536 576 581 591 701 822 1064
581 <==> 97 537 578 580 582 592 702 823 1065
582 <==> 98 538 579 581 593 703 824 1066
583 <==> 99 550 572 584 585 587 594 704 825 1067
584 <==> 100 551 573 583 586 588 595 705 826 1068
585 <==> 101 552 574 583 586 589 596 706 827 1069
586 <==> 102 553 575 584 585 590 597 707 828 1070
587 <==> 103 554 576 583 588 589 591 598 708 829 1071
588 <==> 104 555 577 584 587 590 599 709 830 1072
589 <==> 105 556 578 585 587 590 592 600 710 831 1073
590 <==> 106 557 579 586 588 589 593 601 711 832 1074
591 <==> 107 558 580 587 592 602 712 833 1075
592 <==> 108 559 581 589 591 593 603 713 834 1076
593 <==> 109 560 582 590 592 604 714 835 1077
594 <==> 110 561 583 595 596 598 715 836 1078
595 <==> 111 562 584 594 597 599 716 837 1079
596 <==> 112 563 585 594 597 600 717 838 1080
597 <==> 113 564 586 595 596 601 718 839 1081
598 <==> 114 565 587 594 599 600 602 719 840 1082
599 <==> 115 566 588 595 598 601 720 841 1083
600 <==> 116 567 589 596 598 601 603 721 842 1084
601 <==> 117 568 590 597 599 600 604 722 843 1085
602 <==> 118 569 591 598 603 723 844 1086
603 <==> 119 570 592 600 602 604 724 845 1087
604 <==> 120 571 593 601 603 725 846 1088
605 <==> 121 484 606 607 609 616 627 649 847
606 <==> 122 485 605 608 610 617 628 650 848
607 <==> 123 486 605 608 611 618 629 651 849
608 <==> 124 487 606 607 612 619 630 652 850
609 <==> 125 488 605 610 611 613 620 631 653 851
610 <==> 126 489 606 609 612 621 632 654 852
611 <==> 127 490 607 609 612 614 622 633 655 853
612 <==> 128 491 608 610 611 615 623 634 656 854
613 <==> 129 492 609 614 624 635 657 855
614 <==> 130 493 611 613 615 625 636 658 856
615 <==> 131 494 612 614 626 637 659 857
616 <==> 132 495 605 617 618 620 638 660 858
617 <==> 133 496 606 616 619 621 639 661 859
618 <==> 134 497 607 616 619 622 640 662 860
619 <==> 135 498 608 617 618 623 641 663 861
620 <==> 136 499 609 616 621 622 624 642 664 862
621 <==> 137 500 610 617 620 623 643 665 863
622 <==> 138 501 611 618 620 623 625 644 666 864
623 <==> 139 502 612 619 621 622 626 645 667 865
624 <==> 140 503 613 620 625 646 668 866
625 <==> 141 504 614 622 624 626 647 669 867
626 <==> 142 505 615 623 625 648 670 868
627 <==> 143 506 605 628 629 631 638 671 869
628 <==> 144 507 606 627 630 632 639 672 870
629 <==> 145 508 607 627 630 633 640 673 871
630 <==> 146 509 608 628 629 634 641 674 872
631 <==> 147 510 609 627 632 633 635 642 675 873
632 <==> 148 511 610 628 631 634 643 676 874
633 <==> 149 512 611 629 631 634 636 644 677 875
634 <==> 150 513 612 630 632 633 637 645 678 876
635 <==> 151 514 613 631 636 646 679 877
636 <==> 152 515 614 633 635 637 647 680 878
637 <==> 153 516 615 634 636 648 681 879
638 <==> 154 517 616 627 639 640 642 682 880
639 <==> 155 518 617 628 638 641 643 683 881
640 <==> 156 519 618 629 638 641 644 684 882
641 <==> 157 520 619 630 639 640 645 685 883
642 <==> 158 521 620 631 638 643 644 646 686 884
643 <==> 159 522 621 632 639 642 645 687 885
644 <==> 160 523 622 633 640 642 645 647 688 886
645 <==> 161 524 623 634 641 643 644 648 689 887
646 <==> 162 525 624 635 642 647 690 888
647 <==> 163 526 625 636 644 646 648 691 889
648 <==> 164 527 626 637 645 647 692 890
649 <==> 165 528 605 650 651 653 660 671 693 891
650 <==> 166 529 606 649 652 654 661 672 694 892
651 <==> 167 530 607 649 652 655 662 673 695 893
652 <==> 168 531 608 650 651 656 663 674 696 894
653 <==> 169 532 609 649 654 655 657 664 675 697 895
654 <==> 170 533 610 650 653 656 665 676 698 896
655 <==> 171 534 611 651 653 656 658 666 677 699 897
656 <==> 172 535 612 652 654 655 659 667 678 700 898
657 <==> 173 536 613 653 658 668 679 701 899
658 <==> 174 537 614 655 657 659 669 680 702 900
659 <==> 175 538 615 656 658 670 681 703 901
660 <==> 176 539 616 649 661 662 664 682 902
661 <==> 177 540 617 650 660 663 665 683 903
662 <==> 178 541 618 651 660 663 666 684 904
663 <==> 179 542 619 652 661 662 667 685 905
664 <==> 180 543 620 653 660 665 666 668 686 906
665 <==> 181 544 621 654 661 664 667 687 907
666 <==> 182 545 622 655 662 664 667 669 688 908
667 <==> 183 546 623 656 663 665 666 670 689 909
668 <==> 184 547 624 657 664 669 690 910
669 <==> 185 548 625 658 666 668 670 691 911
670 <==> 186 549 626 659 667 669 692 912
671 <==> 187 550 627 649 672 673 675 682 704 913
672 <==> 188 551 628 650 671 674 676 683 705 914
673 <==> 189 552 629 651 671 674 677 684 706 915
674 <==> 190 553 630 652 672 673 678 685 707 916
675 <==> 191 554 631 653 671 676 677 679 686 708 917
676 <==> 192 555 632 654 672 675 678 687 709 918
677 <==> 193 556 633 655 673 675 678 680 688 710 919
678 <==> 194 557 634 656 674 676 677 681 689 711 920
679 <==> 195 558 635 657 675 680 690 712 921
680 <==> 196 559 636 658 677 679 681 691 713 922
681 <==> 197 560 637 659 678 680 692 714 923
682 <==> 198 561 638 660 671 683 684 686 715 924
683 <==> 199 562 639 661 672 682 685 687 716 925
684 <==> 200 563 640 662 673 682 685 688 717 926
685 <==> 201 564 641 663 674 683 684 689 718 927
686 <==> 202 565 642 664 675 682 687 688 690 719 928
687 <==> 203 566 643 665 676 683 686 689 720 929
688 <==> 204 567 644 666 677 684 686 689 691 721 930
689 <==> 205 568 645 667 678 685 687 688 692 722 931
690 <==> 206 569 646 668 679 686 691 723 932
691 <==> 207 570 647 669 680 688 690 692 724 933
692 <==> 208 571 648 670 681 689 691 725 934
693 <==> 209 572 649 694 695 697 704 935
694 <==> 210 573 650 693 696 698 705 936
695 <==> 211 574 651 693 696 699 706 937
696 <==> 212 575 652 694 695 700 707 938
697 <==> 213 576 653 693 698 699 701 708 939
698 <==> 214 577 654 694 697 700 709 940
699 <==> 215 578 655 695 697 700 702 710 941
700 <==> 216 579 656 696 698 699 703 711 942
701 <==> 217 580 657 697 702 712 943
702 <==> 218 581 658 699 701 703 713 944
703 <==> 219 582 659 700 702 714 945
704 <==> 220 583 671 693 705 706 708 715 946
705 <==> 221 584 672 694 704 707 709 716 947
706 <==> 222 585 673 695 704 707 710 717 948
707 <==> 223 586 674 696 705 706 711 718 949
708 <==> 224 587 675 697 704 709 710 712 719 950
709 <==> 225 588 676 698 705 708 711 720 951
710 <==> 226 589 677 699 706 708 711 713 721 952
711 <==> 227 590 678 700 707 709 710 714 722 953
712 <==> 228 591 679 701 708 713 723 954
713 <==> 229 592 680 702 710 712 714 724 955
714 <==> 230 593 681 703 711 713 725 956
715 <==> 231 594 682 704 716 717 719 957
716 <==> 232 595 683 705 715 718 720 958
717 <==> 233 596 684 706 715 718 721 959
718 <==> 234 597 685 707 716 717 722 960
719 <==> 235 598 686 708 715 720 721 723 961
720 <==> 236 599 687 709 716 719 722 962
721 <==> 237 600 688 710 717 719 722 724 963
722 <==> 238 601 689 711 718 720 721 725 964
723 <==> 239 602 690 712 719 724 965
724 <==> 240 603 691 713 721 723 725 966
725 <==> 241 604 692 714 722 724 967
726 <==> 242 484 727 728 730 737 748 770 847 1089
727 <==> 243 485 726 729 731 738 749 771 848 1090
728 <==> 244 486 726 729 732 739 750 772 849 1091
729 <==> 245 487 727 728 733 740 751 773 850 1092
730 <==> 246 488 726 731 732 734 741 752 774 851 1093
731 <==> 247 489 727 730 733 742 753 775 852 1094
732 <==> 248 490 728 730 733 735 743 754 776 853 1095
733 <==> 249 491 729 731 732 736 744 755 777 854 1096
734 <==> 250 492 730 735 745 756 778 855 1097
735 <==> 251 493 732 734 736 746 757 779 856 1098
736 <==> 252 494 733 735 747 758 780 857 1099
737 <==> 253 495 726 738 739 741 759 781 858 1100
738 <==> 254 496 727 737 740 742 760 782 859 1101
739 <==> 255 497 728 737 740 743 761 783 860 1102
740 <==> 256 498 729 738 739 744 762 784 861 1103
741 <==> 257 499 730 737 742 743 745 763 785 862 1104
742 <==> 258 500 731 738 741 744 764 786 863 1105
743 <==> 259 501 732 739 741 744 746 765 787 864 1106
744 <==> 260 502 733 740 742 743 747 766 788 865 1107
745 <==> 261 503 734 741 746 767 789 866 1108
746 <==> 262 504 735 743 745 747 768 790 867 1109
747 <==> 263 505 736 744 746 769 791 868 1110
748 <==> 264 506 726 749 750 752 759 792 869 1111
749 <==> 265 507 727 748 751 753 760 793 870 1112
750 <==> 266 508 728 748 751 754 761 794 871 1113
751 <==> 267 509 729 749 750 755 762 795 872 1114
752 <==> 268 510 730 748 753 754 756 763 796 873 1115
753 <==> 269 511 731 749 752 755 764 797 874 1116
754 <==> 270 512 732 750 752 755 757 765 798 875 1117
755 <==> 271 513 733 751 753 754 758 766 799 876 1118
756 <==> 272 514 734 752 757 767 800 877 1119
757 <==> 273 515 735 754 756 758 768 801 878 1120
758 <==> 274 516 736 755 757 769 802 879 1121
759 <==> 275 517 737 748 760 761 763 803 880 1122
760 <==> 276 518 738 749 759 762 764 804 881 1123
761 <==> 277 519 739 750 759 762 765 805 882 1124
762 <==> 278 520 740 751 760 761 766 806 883 1125
763 <==> 279 521 741 752 759 764 765 767 807 884 1126
764 <==> 280 522 742 753 760 763 766 808 885 1127
765 <==> 281 523 743 754 761 763 766 768 809 886 1128
766 <==> 282 524 744 755 762 764 765 769 810 887 1129
767 <==> 283 525 745 756 763 768 811 888 1130
768 <==> 284 526 746 757 765 767 769 812 889 1131
769 <==> 285 527 747 758 766 768 813 890 1132
770 <==> 286 528 726 771 772 774 781 792 814 891 1133
771 <==> 287 529 727 770 773 775 782 793 815 892 1134
772 <==> 288 530 728 770 773 776 783 794 816 893 1135
773 <==> 289 531 729 771 772 777 784 795 817 894 1136
774 <==> 290 532 730 770 775 776 778 785 796 818 895 1137
775 <==> 291 533 731 771 774 777 786 797 819 896 1138
776 <==> 292 534 732 772 774 777 779 787 798 820 897 1139
777 <==> 293 535 733 773 775 776 780 788 799 821 898 1140
778 <==> 294 536 734 774 779 789 800 822 899 1141
779 <==> 295 537 735 776 778 780 790 801 823 900 1142
780 <==> 296 538 736 777 779 791 802 824 901 1143
781 <==> 297 539 737 770 782 783 785 803 902 1144
782 <==> 298 540 738 771 781 784 786 804 903 1145
783 <==> 299 541 739 772 781 784 787 805 904 1146
784 <==> 300 542 740 773 782 783 788 806 905 1147
785 <==> 301 543 741 774 781 786 787 789 807 906 1148
786 <==> 302 544 742 775 782 785 788 808 907 1149
787 <==> 303 545 743 776 783 785 788 790 809 908 1150
788 <==> 304 546 744 777 784 786 787 791 810 909 1151
789 <==> 305 547 745 778 785 790 811 910 1152
790 <==> 306 548 746 779 787 789 791 812 911 1153
791 <==> 307 549 747 780 788 790 813 912 1154
792 <==> 308 550 748 770 793 794 796 803 825 913 1155
793 <==> 309 551 749 771 792 795 797 804 826 914 1156
794 <==> 310 552 750 772 792 795 798 805 827 915 1157
795 <==> 311 553 751 773 793 794 799 806 828 916 1158
796 <==> 312 554 752 774 792 797 798 800 807 829 917 1159
797 <==> 313 555 753 775 793 796 799 808 830 918 1160
798 <==> 314 556 754 776 794 796 799 801 809 831 919 1161
799 <==> 315 557 755 777 795 797 798 802 810 832 920 1162
800 <==> 316 558 756 778 796 801 811 833 921 1163
801 <==> 317 559 757 779 798 800 802 812 834 922 1164
802 <==> 318 560 758 780 799 801 813 835 923 1165
803 <==> 319 561 759 781 792 804 805 807 836 924 1166
804 <==> 320 562 760 782 793 803 806 808 837 925 1167
805 <==> 321 563 761 783 794 803 806 809 838 926 1168
806 <==> 322 564 762 784 795 804 805 810 839 927 1169
807 <==> 323 565 763 785 796 803 808 809 811 840 928 1170
808 <==> 324 566 764 786 797 804 807 810 841 929 1171
809 <==> 325 567 765 787 798 805 807 810 812 842 930 1172
810 <==> 326 568 766 788 799 806 808 809 813 843 931 1173
811 <==> 327 569 767 789 800 807 812 844 932 1174
812 <==> 328 570 768 790 801 809 811 813 845 933 1175
813 <==> 329 571 769 791 802 810 812 846 934 1176
814 <==> 330 572 770 815 816 818 825 935 1177
815 <==> 331 573 771 814 817 819 826 936 1178
816 <==> 332 574 772 814 817 820 827 937 1179
817 <==> 333 575 773 815 816 821 828 938 1180
818 <==> 334 576 774 814 819 820 822 829 939 1181
819 <==> 335 577 775 815 818 821 830 940 1182
820 <==> 336 578 776 816 818 821 823 831 941 1183
821 <==> 337 579 777 817 819 820 824 832 942 1184
822 <==> 338 580 778 818 823 833 943 1185
823 <==> 339 581 779 820 822 824 834 944 1186
824 <==> 340 582 780 821 823 835 945 1187
825 <==> 341 583 792 814 826 827 829 836 946 1188
826 <==> 342 584 793 815 825 828 830 837 947 1189
827 <==> 343 585 794 816 825 828 831 838 948 1190
828 <==> 344 586 795 817 826 827 832 839 949 1191
829 <==> 345 587 796 818 825 830 831 833 840 950 1192
830 <==> 346 588 797 819 826 829 832 841 951 1193
831 <==> 347 589 798 820 827 829 832 834 842 952 1194
832 <==> 348 590 799 821 828 830 831 835 843 953 1195
833 <==> 349 591 800 822 829 834 844 954 1196
834 <==> 350 592 801 823 831 833 835 845 955 1197
835 <==> 351 593 802 824 832 834 846 956 1198
836 <==> 352 594 803 825 837 838 840 957 1199
837 <==> 353 595 804 826 836 839 841 958 1200
838 <==> 354 596 805 827 836 839 842 959 1201
839 <==> 355 597 806 828 837 838 843 960 1202
840 <==> 356 598 807 829 836 841 842 844 961 1203
841 <==> 357 599 808 830 837 840 843 962 1204
842 <==> 358 600 809 831 838 840 843 845 963 1205
843 <==> 359 601 810 832 839 841 842 846 964 1206
844 <==> 360 602 811 833 840 845 965 1207
845 <==> 361 603 812 834 842 844 846 966 1208
846 <==> 362 604 813 835 843 845 967 1209
847 <==> 363 605 726 848 849 851 858 869 891 1210
848 <==> 364 606 727 847 850 852 859 870 892 1211
849 <==> 365 607 728 847 850 853 860 871 893 1212
850 <==> 366 608 729 848 849 854 861 872 894 1213
851 <==> 367 609 730 847 852 853 855 862 873 895 1214
852 <==> 368 610 731 848 851 854 863 874 896 1215
853 <==> 369 611 732 849 851 854 856 864 875 897 1216
854 <==> 370 612 733 850 852 853 857 865 876 898 1217
855 <==> 371 613 734 851 856 866 877 899 1218
856 <==> 372 614 735 853 855 857 867 878 900 1219
857 <==> 373 615 736 854 856 868 879 901 1220
858 <==> 374 616 737 847 859 860 862 880 902 1221
859 <==> 375 617 738 848 858 861 863 881 903 1222
860 <==> 376 618 739 849 858 861 864 882 904 1223
861 <==> 377 619 740 850 859 860 865 883 905 1224
862 <==> 378 620 741 851 858 863 864 866 884 906 1225
863 <==> 379 621 742 852 859 862 865 885 907 1226
864 <==> 380 622 743 853 860 862 865 867 886 908 1227
865 <==> 381 623 744 854 861 863 864 868 887 909 1228
866 <==> 382 624 745 855 862 867 888 910 1229
867 <==> 383 625 746 856 864 866 868 889 911 1230
868 <==> 384 626 747 857 865 867 890 912 1231
869 <==> 385 627 748 847 870 871 873 880 913 1232
870 <==> 386 628 749 848 869 872 874 881 914 1233
871 <==> 387 629 750 849 869 872 875 882 915 1234
872 <==> 388 630 751 850 870 871 876 883 916 1235
873 <==> 389 631 752 851 869 874 875 877 884 917 1236
874 <==> 390 632 753 852 870 873 876 885 918 1237
875 <==> 391 633 754 853 871 873 876 878 886 919 1238
876 <==> 392 634 755 854 872 874 875 879 887 920 1239
877 <==> 393 635 756 855 873 878 888 921 1240
878 <==> 394 636 757 856 875 877 879 889 922 1241
879 <==> 395 637 758 857 876 878 890 923 1242
880 <==> 396 638 759 858 869 881 882 884 924 1243
881 <==> 397 639 760 859 870 880 883 885 925 1244
882 <==> 398 640 761 860 871 880 883 886 926 1245
883 <==> 399 641 762 861 872 881 882 887 927 1246
884 <==> 400 642 763 862 873 880 885 886 888 928 1247
885 <==> 401 643 764 863 874 881 884 887 929 1248
886 <==> 402 644 765 864 875 882 884 887 889 930 1249
887 <==> 403 645 766 865 876 883 885 886 890 931 1250
888 <==> 404 646 767 866 877 884 889 932 1251
889 <==> 405 647 768 867 878 886 888 890 933 1252
890 <==> 406 648 769 868 879 887 889 934 1253
891 <==> 407 649 770 847 892 893 895 902 913 935 1254
892 <==> 408 650 771 848 891 894 896 903 914 936 1255
893 <==> 409 651 772 849 891 894 897 904 915 937 1256
894 <==> 410 652 773 850 892 893 898 905 916 938 1257
895 <==> 411 653 774 851 891 896 897 899 906 917 939 1258
896 <==> 412 654 775 852 892 895 898 907 918 940 1259
897 <==> 413 655 776 853 893 895 898 900 908 919 941 1260
898 <==> 414 656 777 854 894 896 897 901 909 920 942 1261
899 <==> 415 657 778 855 895 900 910 921 943 1262
900 <==> 416 658 779 856 897 899 901 911 922 944 1263
901 <==> 417 659 780 857 898 900 912 923 945 1264
902 <==> 418 660 781 858 891 903 904 906 924 1265
903 <==> 419 661 782 859 892 902 905 907 925 1266
904 <==> 420 662 783 860 893 902 905 908 926 1267
905 <==> 421 663 784 861 894 903 904 909 927 1268
906 <==> 422 664 785 862 895 902 907 908 910 928 1269
907 <==> 423 665 786 863 896 903 906 909 929 1270
908 <==> 424 666 787 864 897 904 906 909 911 930 1271
909 <==> 425 667 788 865 898 905 907 908 912 931 1272
910 <==> 426 668 789 866 899 906 911 932 1273
911 <==> 427 669 790 867 900 908 910 912 933 1274
912 <==> 428 670 791 868 901 909 911 934 1275
913 <==> 429 671 792 869 891 914 915 917 924 946 1276
914 <==> 430 672 793 870 892 913 916 918 925 947 1277
915 <==> 431 673 794 871 893 913 916 919 926 948 1278
916 <==> 432 674 795 872 894 914 915 920 927 949 1279
917 <==> 433 675 796 873 895 913 918 919 921 928 950 1280
918 <==> 434 676 797 874 896 914 917 920 929 951 1281
919 <==> 435 677 798 875 897 915 917 920 922 930 952 1282
920 <==> 436 678 799 876 898 916 918 919 923 931 953 1283
921 <==> 437 679 800 877 899 917 922 932 954 1284
922 <==> 438 680 801 878 900 919 921 923 933 955 1285
923 <==> 439 681 802 879 901 920 922 934 956 1286
924 <==> 440 682 803 880 902 913 925 926 928 957 1287
925 <==> 441 683 804 881 903 914 924 927 929 958 1288
926 <==> 442 684 805 882 904 915 924 927 930 959 1289
927 <==> 443 685 806 883 905 916 925 926 931 960 1290
928 <==> 444 686 807 884 906 917 924 929 930 932 961 1291
929 <==> 445 687 808 885 907 918 925 928 931 962 1292
930 <==> 446 688 809 886 908 919 926 928 931 933 963 1293
931 <==> 447 689 810 887 909 920 927 929 930 934 964 1294
932 <==> 448 690 811 888 910 921 928 933 965 1295
933 <==> 449 691 812 889 911 922 930 932 934 966 1296
934 <==> 450 692 813 890 912 923 931 933 967 1297
935 <==> 451 693 814 891 936 937 939 946 1298
936 <==> 452 694 815 892 935 938 940 947 1299
937 <==> 453 695 816 893 935 938 941 948 1300
938 <==> 454 696 817 894 936 937 942 949 1301
939 <==> 455 697 818 895 935 940 941 943 950 1302
940 <==> 456 698 819 896 936 939 942 951 1303
941 <==> 457 699 820 897 937 939 942 944 952 1304
942 <==> 458 700 821 898 938 940 941 945 953 1305
943 <==> 459 701 822 899 939 944 954 1306
944 <==> 460 702 823 900 941 943 945 955 1307
945 <==> 461 703 824 901 942 944 956 1308
946 <==> 462 704 825 913 935 947 948 950 957 1309
947 <==> 463 705 826 914 936 946 949 951 958 1310
948 <==> 464 706 827 915 937 946 949 952 959 1311
949 <==> 465 707 828 916 938 947 948 953 960 1312
950 <==> 466 708 829 917 939 946 951 952 954 961 1313
951 <==> 467 709 830 918 940 947 950 953 962 1314
952 <==> 468 710 831 919 941 948 950 953 955 963 1315
953 <==> 469 711 832 920 942 949 951 952 956 964 1316
954 <==> 470 712 833 921 943 950 955 965 1317
955 <==> 471 713 834 922 944 952 954 956 966 1318
956 <==> 472 714 835 923 945 953 955 967 1319
957 <==> 473 715 836 924 946 958 959 961 1320
958 <==> 474 716 837 925 947 957 960 962 1321
959 <==> 475 717 838 926 948 957 960 963 1322
960 <==> 476 718 839 927 949 958 959 964 1323
961 <==> 477 719 840 928 950 957 962 963 965 1324
962 <==> 478 720 841 929 951 958 961 964 1325
963 <==> 479 721 842 930 952 959 961 964 966 1326
964 <==> 480 722 843 931 953 960 962 963 967 1327
965 <==> 481 723 844 932 954 961 966 1328
966 <==> 482 724 845 933 955 963 965 967 1329
967 <==> 483 725 846 934 956 964 966 1330
968 <==> 484 969 970 972 979 990 1012 1089
969 <==> 485 968 971 973 980 991 1013 1090
970 <==> 486 968 971 974 981 992 1014 1091
971 <==> 487 969 970 975 982 993 1015 1092
972 <==> 488 968 973 974 976 983 994 1016 1093
973 <==> 489 969 972 975 984 995 1017 1094
974 <==> 490 970 972 975 977 985 996 1018 1095
975 <==> 491 971 973 974 978 986 997 1019 1096
976 <==> 492 972 977 987 998 1020 1097
977 <==> 493 974 976 978 988 999 1021 1098
978 <==> 494 975 977 989 1000 1022 1099
979 <==> 495 968 980 981 983 1001 1023 1100
980 <==> 496 969 979 982 984 1002 1024 1101
981 <==> 497 970 979 982 985 1003 1025 1102
982 <==> 498 971 980 981 986 1004 1026 1103
983 <==> 499 972 979 984 985 987 1005 1027 1104
984 <==> 500 973 980 983 986 1006 1028 1105
985 <==> 501 974 981 983 986 988 1007 1029 1106
986 <==> 502 975 982 984 985 989 1008 1030 1107
987 <==> 503 976 983 988 1009 1031 1108
988 <==> 504 977 985 987 989 1010 1032 1109
989 <==> 505 978 986 988 1011 1033 1110
990 <==> 506 968 991 992 994 1001 1034 1111
991 <==> 507 969 990 993 995 1002 1035 1112
992 <==> 508 970 990 993 996 1003 1036 1113
993 <==> 509 971 991 992 997 1004 1037 1114
994 <==> 510 972 990 995 996 998 1005 1038 1115
995 <==> 511 973 991 994 997 1006 1039 1116
996 <==> 512 974 992 994 997 999 1007 1040 1117
997 <==> 513 975 993 995 996 1000 1008 1041 1118
998 <==> 514 976 994 999 1009 1042 1119
999 <==> 515 977 996 998 1000 1010 1043 1120
1000 <==> 516 978 997 999 1011 1044 1121
1001 <==> 517 979 990 1002 1003 1005 1045 1122
1002 <==> 518 980 991 1001 1004 1006 1046 1123
1003 <==> 519 981 992 1001 1004 1007 1047 1124
1004 <==> 520 982 993 1002 1003 1008 1048 1125
1005 <==> 521 983 994 1001 1006 1007 1009 1049 1126
1006 <==> 522 984 995 1002 1005 1008 1050 1127
1007 <==> 523 985 996 1003 1005 1008 1010 1051 1128
1008 <==> 524 986 997 1004 1006 1007 1011 1052 1129
1009 <==> 525 987 998 1005 1010 1053 1130
1010 <==> 526 988 999 1007 1009 1011 1054 1131
1011 <==> 527 989 1000 1008 1010 1055 1132
1012 <==> 528 968 1013 1014 1016 1023 1034 1056 1133
1013 <==> 529 969 1012 1015 1017 1024 1035 1057 1134
1014 <==> 530 970 1012 1015 1018 1025 1036 1058 1135
1015 <==> 531 971 1013 1014 1019 1026 1037 1059 1136
1016 <==> 532 972 1012 1017 1018 1020 1027 1038 1060 1137
1017 <==> 533 973 1013 1016 1019 1028 1039 1061 1138
1018 <==> 534 974 1014 1016 1019 1021 1029 1040 1062 1139
1019 <==> 535 975 1015 1017 1018 1022 1030 1041 1063 1140
1020 <==> 536 976 1016 1021 1031 1042 1064 1141
1021 <==> 537 977 1018 1020 1022 1032 1043 1065 1142
1022 <==> 538 978 1019 1021 1033 1044 1066 1143
1023 <==> 539 979 1012 1024 1025 1027 1045 1144
1024 <==> 540 980 1013 1023 1026 1028 1046 1145
1025 <==> 541 981 1014 1023 1026 1029 1047 1146
1026 <==> 542 982 1015 1024 1025 1030 1048 1147
1027 <==> 543 983 1016 1023 1028 1029 1031 1049 1148
1028 <==> 544 984 1017 1024 1027 1030 1050 1149
1029 <==> 545 985 1018 1025 1027 1030 1032 1051 1150
1030 <==> 546 986 1019 1026 1028 1029 1033 1052 1151
1031 <==> 547 987 1020 1027 1032 1053 1152
1032 <==> 548 988 1021 1029 1031 1033 1054 1153
1033 <==> 549 989 1022 1030 1032 1055 1154
1034 <==> 550 990 1012 1035 1036 1038 1045 1067 1155
1035 <==> 551 991 1013 1034 1037 1039 1046 1068 1156
1036 <==> 552 992 1014 1034 1037 1040 1047 1069 1157
1037 <==> 553 993 1015 1035 1036 1041 1048 1070 1158
1038 <==> 554 994 1016 1034 1039 1040 1042 1049 1071 1159
1039 <==> 555 995 1017 1035 1038 1041 1050 1072 1160
1040 <==> 556 996 1018 1036 1038 1041 1043 1051 1073 1161
1041 <==> 557 997 1019 1037 1039 1040 1044 1052 1074 1162
1042 <==> 558 998 1020 1038 1043 1053 1075 1163
1043 <==> 559 999 1021 1040 1042 1044 1054 1076 1164
1044 <==> 560 1000 1022 1041 1043 1055 1077 1165
1045 <==> 561 1001 1023 1034 1046 1047 1049 1078 1166
1046 <==> 562 1002 1024 1035 1045 1048 1050 1079 1167
1047 <==> 563 1003 1025 1036 1045 1048 1051 1080 1168
1048 <==> 564 1004 1026 1037 1046 1047 1052 1081 1169
1049 <==> 565 1005 1027 1038 1045 1050 1051 1053 1082 1170
1050 <==> 566 1006 1028 1039 1046 1049 1052 1083 1171
1051 <==> 567 1007 1029 1040 1047 1049 1052 1054 1084 1172
1052 <==> 568 1008 1030 1041 1048 1050 1051 1055 1085 1173
1053 <==> 569 1009 1031 1042 1049 1054 1086 1174
1054 <==> 570 1010 1032 1043 1051 1053 1055 1087 1175
1055 <==> 571 1011 1033 1044 1052 1054 1088 1176
1056 <==> 572 1012 1057 1058 1060 1067 1177
1057 <==> 573 1013 1056 1059 1061 1068 1178
1058 <==> 574 1014 1056 1059 1062 1069 1179
1059 <==> 575 1015 1057 1058 1063 1070 1180
1060 <==> 576 1016 1056 1061 1062 1064 1071 1181
1061 <==> 577 1017 1057 1060 1063 1072 1182
1062 <==> 578 1018 1058 1060 1063 1065 1073 1183
1063 <==> 579 1019 1059 1061 1062 1066 1074 1184
1064 <==> 580 1020 1060 1065 1075 1185
1065 <==> 581 1021 1062 1064 1066 1076 1186
1066 <==> 582 1022 1063 1065 1077 1187
1067 <==> 583 1034 1056 1068 1069 1071 1078 1188
1068 <==> 584 1035 1057 1067 1070 1072 1079 1189
1069 <==> 585 1036 1058 1067 1070 1073 1080 1190
1070 <==> 586 1037 1059 1068 1069 1074 1081 1191
1071 <==> 587 1038 1060 1067 1072 1073 1075 1082 1192
1072 <==> 588 1039 1061 1068 1071 1074 1083 1193
1073 <==> 589 1040 1062 1069 1071 1074 1076 1084 1194
1074 <==> 590 1041 1063 1070 1072 1073 1077 1085 1195
1075 <==> 591 1042 1064 1071 1076 1086 1196
1076 <==> 592 1043 1065 1073 1075 1077 1087 1197
1077 <==> 593 1044 1066 1074 1076 1088 1198
1078 <==> 594 1045 1067 1079 1080 1082 1199
1079 <==> 595 1046 1068 1078 1081 1083 1200
1080 <==> 596 1047 1069 1078 1081 1084 1201
1081 <==> 597 1048 1070 1079 1080 1085 1202
1082 <==> 598 1049 1071 1078 1083 1084 1086 1203
1083 <==> 599 1050 1072 1079 1082 1085 1204
1084 <==> 600 1051 1073 1080 1082 1085 1087 1205
1085 <==> 601 1052 1074 1081 1083 1084 1088 1206
1086 <==> 602 1053 1075 1082 1087 1207
1087 <==> 603 1054 1076 1084 1086 1088 1208
1088 <==> 604 1055 1077 1085 1087 1209
1089 <==> 726 968 1090 1091 1093 1100 1111 1133 1210
1090 <==> 727 969 1089 1092 1094 1101 1112 1134 1211
1091 <==> 728 970 1089 1092 1095 1102 1113 1135 1212
1092 <==> 729 971 1090 1091 1096 1103 1114 1136 1213
1093 <==> 730 972 1089 1094 1095 1097 1104 1115 1137 1214
1094 <==> 731 973 1090 1093 1096 1105 1116 1138 1215
1095 <==> 732 974 1091 1093 1096 1098 1106 1117 1139 1216
1096 <==> 733 975 1092 1094 1095 1099 1107 1118 1140 1217
1097 <==> 734 976 1093 1098 1108 1119 1141 1218
1098 <==> 735 977 1095 1097 1099 1109 1120 1142 1219
1099 <==> 736 978 1096 1098 1110 1121 1143 1220
1100 <==> 737 979 1089 1101 1102 1104 1122 1144 1221
1101 <==> 738 980 1090 1100 1103 1105 1123 1145 1222
1102 <==> 739 981 1091 1100 1103 1106 1124 1146 1223
1103 <==> 740 982 1092 1101 1102 1107 1125 1147 1224
1104 <==> 741 983 1093 1100 1105 1106 1108 1126 1148 1225
1105 <==> 742 984 1094 1101 1104 1107 1127 1149 1226
1106 <==> 743 985 1095 1102 1104 1107 1109 1128 1150 1227
1107 <==> 744 986 1096 1103 1105 1106 1110 1129 1151 1228
1108 <==> 745 987 1097 1104 1109 1130 1152 1229
1109 <==> 746 988 1098 1106 1108 1110 1131 1153 1230
1110 <==> 747 989 1099 1107 1109 1132 1154 1231
1111 <==> 748 990 1089 1112 1113 1115 1122 1155 1232
1112 <==> 749 991 1090 1111 1114 1116 1123 1156 1233
1113 <==> 750 992 1091 1111 1114 1117 1124 1157 1234
1114 <==> 751 993 1092 1112 1113 1118 1125 1158 1235
1115 <==> 752 994 1093 1111 1116 1117 1119 1126 1159 1236
1116 <==> 753 995 1094 1112 1115 1118 1127 1160 1237
1117 <==> 754 996 1095 1113 1115 1118 1120 1128 1161 1238
1118 <==> 755 997 1096 1114 1116 1117 1121 1129 1162 1239
1119 <==> 756 998 1097 1115 1120 1130 1163 1240
1120 <==> 757 999 1098 1117 1119 1121 1131 1164 1241
1121 <==> 758 1000 1099 1118 1120 1132 1165 1242
1122 <==> 759 1001 1100 1111 1123 1124 1126 1166 1243
1123 <==> 760 1002 1101 1112 1122 1125 1127 1167 1244
1124 <==> 761 1003 1102 1113 1122 1125 1128 1168 1245
1125 <==> 762 1004 1103 1114 1123 1124 1129 1169 1246
1126 <==> 763 1005 1104 1115 1122 1127 1128 1130 1170 1247
1127 <==> 764 1006 1105 1116 1123 1126 1129 1171 1248
1128 <==> 765 1007 1106 1117 1124 1126 1129 1131 1172 1249
1129 <==> 766 1008 1107 1118 1125 1127 1128 1132 1173 1250
1130 <==> 767 1009 1108 1119 1126 1131 1174 1251
1131 <==> 768 1010 1109 1120 1128 1130 1132 1175 1252
1132 <==> 769 1011 1110 1121 1129 1131 1176 1253
1133 <==> 770 1012 1089 1134 1135 1137 1144 1155 1177 1254
1134 <==> 771 1013 1090 1133 1136 1138 1145 1156 1178 1255
1135 <==> 772 1014 1091 1133 1136 1139 1146 1157 1179 1256
1136 <==> 773 1015 1092 1134 1135 1140 1147 1158 1180 1257
1137 <==> 774 1016 1093 1133 1138 1139 1141 1148 1159 1181 1258
1138 <==> 775 1017 1094 1134 1137 1140 1149 1160 1182 1259
1139 <==> 776 1018 1095 1135 1137 1140 1142 1150 1161 1183 1260
1140 <==> 777 1019 1096 1136 1138 1139 1143 1151 1162 1184 1261
1141 <==> 778 1020 1097 1137 1142 1152 1163 1185 1262
1142 <==> 779 1021 1098 1139 1141 1143 1153 1164 1186 1263
1143 <==> 780 1022 1099 1140 1142 1154 1165 1187 1264
1144 <==> 781 1023 1100 1133 1145 1146 1148 1166 1265
1145 <==> 782 1024 1101 1134 1144 1147 1149 1167 1266
1146 <==> 783 1025 1102 1135 1144 1147 1150 1168 1267
1147 <==> 784 1026 1103 1136 1145 1146 1151 1169 1268
1148 <==> 785 1027 1104 1137 1144 1149 1150 1152 1170 1269
1149 <==> 786 1028 1105 1138 1145 1148 1151 1171 1270
1150 <==> 787 1029 1106 1139 1146 1148 1151 1153 1172 1271
1151 <==> 788 1030 1107 1140 1147 1149 1150 1154 1173 1272
1152 <==> 789 1031 1108 1141 1148 1153 1174 1273
1153 <==> 790 1032 1109 1142 1150 1152 1154 1175 1274
1154 <==> 791 1033 1110 1143 1151 1153 1176 1275
1155 <==> 792 1034 1111 1133 1156 1157 1159 1166 1188 1276
1156 <==> 793 1035 1112 1134 1155 1158 1160 1167 1189 1277
1157 <==> 794 1036 1113 1135 1155 1158 1161 1168 1190 1278
1158 <==> 795 1037 1114 1136 1156 1157 1162 1169 1191 1279
1159 <==> 796 1038 1115 1137 1155 1160 1161 1163 1170 1192 1280
1160 <==> 797 1039 1116 1138 1156 1159 1162 1171 1193 1281
1161 <==> 798 1040 1117 1139 1157 1159 1162 1164 1172 1194 1282
1162 <==> 799 1041 1118 1140 1158 1160 1161 1165 1173 1195 1283
1163 <==> 800 1042 1119 1141 1159 1164 1174 1196 1284
1164 <==> 801 1043 1120 1142 1161 1163 1165 1175 1197 1285
1165 <==> 802 1044 1121 1143 1162 1164 1176 1198 1286
1166 <==> 803 1045 1122 1144 1155 1167 1168 1170 1199 1287
1167 <==> 804 1046 1123 1145 1156 1166 1169 1171 1200 1288
1168 <==> 805 1047 1124 1146 1157 1166 1169 1172 1201 1289
1169 <==> 806 1048 1125 1147 1158 1167 1168 1173 1202 1290
1170 <==> 807 1049 1126 1148 1159 1166 1171 1172 1174 1203 1291
1171 <==> 808 1050 1127 1149 1160 1167 1170 1173 1204 1292
1172 <==> 809 1051 1128 1150 1161 1168 1170 1173 1175 1205 1293
1173 <==> 810 1052 1129 1151 1162 1169 1171 1172 1176 1206 1294
1174 <==> 811 1053 1130 1152 1163 1170 1175 1207 1295
1175 <==> 812 1054 1131 1153 1164 1172 1174 1176 1208 1296
1176 <==> 813 1055 1132 1154 1165 1173 1175 1209 1297
1177 <==> 814 1056 1133 1178 1179 1181 1188 1298
1178 <==> 815 1057 1134 1177 1180 1182 1189 1299
1179 <==> 816 1058 1135 1177 1180 1183 1190 1300
1180 <==> 817 1059 1136 1178 1179 1184 1191 1301
1181 <==> 818 1060 1137 1177 1182 1183 1185 1192 1302
1182 <==> 819 1061 1138 1178 1181 1184 1193 1303
1183 <==> 820 1062 1139 1179 1181 1184 1186 1194 1304
1184 <==> 821 1063 1140 1180 1182 1183 1187 1195 1305
1185 <==> 822 1064 1141 1181 1186 1196 1306
1186 <==> 823 1065 1142 1183 1185 1187 1197 1307
1187 <==> 824 1066 1143 1184 1186 1198 1308
1188 <==> 825 1067 1155 1177 1189 1190 1192 1199 1309
1189 <==> 826 1068 1156 1178 1188 1191 1193 1200 1310
1190 <==> 827 1069 1157 1179 1188 1191 1194 1201 1311
1191 <==> 828 1070 1158 1180 1189 1190 1195 1202 1312
1192 <==> 829 1071 1159 1181 1188 1193 1194 1196 1203 1313
1193 <==> 830 1072 1160 1182 1189 1192 1195 1204 1314
1194 <==> 831 1073 1161 1183 1190 1192 1195 1197 1205 1315
1195 <==> 832 1074 1162 1184 1191 1193 1194 1198 1206 1316
1196 <==> 833 1075 1163 1185 1192 1197 1207 1317
1197 <==> 834 1076 1164 1186 1194 1196 1198 1208 1318
1198 <==> 835 1077 1165 1187 1195 1197 1209 1319
1199 <==> 836 1078 1166 1188 1200 1201 1203 1320
1200 <==> 837 1079 1167 1189 1199 1202 1204 1321
1201 <==> 838 1080 1168 1190 1199 1202 1205 1322
1202 <==> 839 1081 1169 1191 1200 1201 1206 1323
1203 <==> 840 1082 1170 1192 1199 1204 1205 1207 1324
1204 <==> 841 1083 1171 1193 1200 1203 1206 1325
1205 <==> 842 1084 1172 1194 1201 1203 1206 1208 1326
1206 <==> 843 1085 1173 1195 1202 1204 1205 1209 1327
1207 <==> 844 1086 1174 1196 1203 1208 1328
1208 <==> 845 1087 1175 1197 1205 1207 1209 1329
1209 <==> 846 1088 1176 1198 1206 1208 1330
1210 <==> 847 1089 1211 1212 1214 1221 1232 1254
1211 <==> 848 1090 1210 1213 1215 1222 1233 1255
1212 <==> 849 1091 1210 1213 1216 1223 1234 1256
1213 <==> 850 1092 1211 1212 1217 1224 1235 1257
1214 <==> 851 1093 1210 1215 1216 1218 1225 1236 1258
1215 <==> 852 1094 1211 1214 1217 1226 1237 1259
1216 <==> 853 1095 1212 1214 1217 1219 1227 1238 1260
1217 <==> 854 1096 1213 1215 1216 1220 1228 1239 1261
1218 <==> 855 1097 1214 1219 1229 1240 1262
1219 <==> 856 1098 1216 1218 1220 1230 1241 1263
1220 <==> 857 1099 1217 1219 1231 1242 1264
1221 <==> 858 1100 1210 1222 1223 1225 1243 1265
1222 <==> 859 1101 1211 1221 1224 1226 1244 1266
1223 <==> 860 1102 1212 1221 1224 1227 1245 1267
1224 <==> 861 1103 1213 1222 1223 1228 1246 1268
1225 <==> 862 1104 1214 1221 1226 1227 1229 1247 1269
1226 <==> 863 1105 1215 1222 1225 1228 1248 1270
1227 <==> 864 1106 1216 1223 1225 1228 1230 1249 1271
1228 <==> 865 1107 1217 1224 1226 1227 1231 1250 1272
1229 <==> 866 1108 1218 1225 1230 1251 1273
1230 <==> 867 1109 1219 1227 1229 1231 1252 1274
1231 <==> 868 1110 1220 1228 1230 1253 1275
1232 <==> 869 1111 1210 1233 1234 1236 1243 1276
1233 <==> 870 1112 1211 1232 1235 1237 1244 1277
1234 <==> 871 1113 1212 1232 1235 1238 1245 1278
1235 <==> 872 1114 1213 1233 1234 1239 1246 1279
1236 <==> 873 1115 1214 1232 1237 1238 1240 1247 1280
1237 <==> 874 1116 1215 1233 1236 1239 1248 1281
1238 <==> 875 1117 1216 1234 1236 1239 1241 1249 1282
1239 <==> 876 1118 1217 1235 1237 1238 1242 1250 1283
1240 <==> 877 1119 1218 1236 1241 1251 1284
1241 <==> 878 1120 1219 1238 1240 1242 1252 1285
1242 <==> 879 1121 1220 1239 1241 1253 1286
1243 <==> 880 1122 1221 1232 1244 1245 1247 1287
1244 <==> 881 1123 1222 1233 1243 1246 1248 1288
1245 <==> 882 1124 1223 1234 1243 1246 1249 1289
1246 <==> 883 1125 1224 1235 1244 1245 1250 1290
1247 <==> 884 1126 1225 1236 1243 1248 1249 1251 1291
1248 <==> 885 1127 1226 1237 1244 1247 1250 1292
1249 <==> 886 1128 1227 1238 1245 1247 1250 1252 1293
1250 <==> 887 1129 1228 1239 1246 1248 1249 1253 1294
1251 <==> 888 1130 1229 1240 1247 1252 1295
1252 <==> 889 1131 1230 1241 1249 1251 1253 1296
1253 <==> 890 1132 1231 1242 1250 1252 1297
1254 <==> 891 1133 1210 1255 1256 1258 1265 1276 1298
1255 <==> 892 1134 1211 1254 1257 1259 1266 1277 1299
1256 <==> 893 1135 1212 1254 1257 1260 1267 1278 1300
1257 <==> 894 1136 1213 1255 1256 1261 1268 1279 1301
1258 <==> 895 1137 1214 1254 1259 1260 1262 1269 1280 1302
1259 <==> 896 1138 1215 1255 1258 1261 1270 1281 1303
1260 <==> 897 1139 1216 1256 1258 1261 1263 1271 1282 1304
1261 <==> 898 1140 1217 1257 1259 1260 1264 1272 1283 1305
1262 <==> 899 1141 1218 1258 1263 1273 1284 1306
1263 <==> 900 1142 1219 1260 1262 1264 1274 1285 1307
1264 <==> 901 1143 1220 1261 1263 1275 1286 1308
1265 <==> 902 1144 1221 1254 1266 1267 1269 1287
1266 <==> 903 1145 1222 1255 1265 1268 1270 1288
1267 <==> 904 1146 1223 1256 1265 1268 1271 1289
1268 <==> 905 1147 1224 1257 1266 1267 1272 1290
1269 <==> 906 1148 1225 1258 1265 1270 1271 1273 1291
1270 <==> 907 1149 1226 1259 1266 1269 1272 1292
1271 <==> 908 1150 1227 1260 1267 1269 1272 1274 1293
1272 <==> 909 1151 1228 1261 1268 1270 1271 1275 1294
1273 <==> 910 1152 1229 1262 1269 1274 1295
1274 <==> 911 1153 1230 1263 1271 1273 1275 1296
1275 <==> 912 1154 1231 1264 1272 1274 1297
1276 <==> 913 1155 1232 1254 1277 1278 1280 1287 1309
1277 <==> 914 1156 1233 1255 1276 1279 1281 1288 1310
1278 <==> 915 1157 1234 1256 1276 1279 1282 1289 1311
1279 <==> 916 1158 1235 1257 1277 1278 1283 1290 1312
1280 <==> 917 1159 1236 1258 1276 1281 1282 1284 1291 1313
1281 <==> 918 1160 1237 1259 1277 1280 1283 1292 1314
1282 <==> 919 1161 1238 1260 1278 1280 1283 1285 1293 1315
1283 <==> 920 1162 1239 1261 1279 1281 1282 1286 1294 1316
1284 <==> 921 1163 1240 1262 1280 1285 1295 1317
1285 <==> 922 1164 1241 1263 1282 1284 1286 1296 1318
1286 <==> 923 1165 1242 1264 1283 1285 1297 1319
1287 <==> 924 1166 1243 1265 1276 1288 1289 1291 1320
1288 <==> 925 1167 1244 1266 1277 1287 1290 1292 1321
1289 <==> 926 1168 1245 1267 1278 1287 1290 1293 1322
1290 <==> 927 1169 1246 1268 1279 1288 1289 1294 1323
1291 <==> 928 1170 1247 1269 1280 1287 1292 1293 1295 1324
1292 <==> 929 1171 1248 1270 1281 1288 1291 1294 1325
1293 <==> 930 1172 1249 1271 1282 1289 1291 1294 1296 1326
1294 <==> 931 1173 1250 1272 1283 1290 1292 1293 1297 1327
1295 <==> 932 1174 1251 1273 1284 1291 1296 1328
1296 <==> 933 1175 1252 1274 1285 1293 1295 1297 1329
1297 <==> 934 1176 1253 1275 1286 1294 1296 1330
1298 <==> 935 1177 1254 1299 1300 1302 1309
1299 <==> 936 1178 1255 1298 1301 1303 1310
1300 <==> 937 1179 1256 1298 1301 1304 1311
1301 <==> 938 1180 1257 1299 1300 1305 1312
1302 <==> 939 1181 1258 1298 1303 1304 1306 1313
1303 <==> 940 1182 1259 1299 1302 1305 1314
1304 <==> 941 1183 1260 1300 1302 1305 1307 1315
1305 <==> 942 1184 1261 1301 1303 1304 1308 1316
1306 <==> 943 1185 1262 1302 1307 1317
1307 <==> 944 1186 1263 1304 1306 1308 1318
1308 <==> 945 1187 1264 1305 1307 1319
1309 <==> 946 1188 1276 1298 1310 1311 1313 1320
1310 <==> 947 1189 1277 1299 1309 1312 1314 1321
1311 <==> 948 1190 1278 1300 1309 1312 1315 1322
1312 <==> 949 1191 1279 1301 1310 1311 1316 1323
1313 <==> 950 1192 1280 1302 1309 1314 1315 1317 1324
1314 <==> 951 1193 1281 1303 1310 1313 1316 1325
1315 <==> 952 1194 1282 1304 1311 1313 1316 1318 1326
1316 <==> 953 1195 1283 1305 1312 1314 1315 1319 1327
1317 <==> 954 1196 1284 1306 1313 1318 1328
1318 <==> 955 1197 1285 1307 1315 1317 1319 1329
1319 <==> 956 1198 1286 1308 1316 1318 1330
1320 <==> 957 1199 1287 1309 1321 1322 1324
1321 <==> 958 1200 1288 1310 1320 1323 1325
1322 <==> 959 1201 1289 1311 1320 1323 1326
1323 <==> 960 1202 1290 1312 1321 1322 1327
1324 <==> 961 1203 1291 1313 1320 1325 1326 1328
1325 <==> 962 1204 1292 1314 1321 1324 1327
1326 <==> 963 1205 1293 1315 1322 1324 1327 1329
1327 <==> 964 1206 1294 1316 1323 1325 1326 1330
1328 <==> 965 1207 1295 1317 1324 1329
1329 <==> 966 1208 1296 1318 1326 1328 1330
1330 <==> 967 1209 1297 1319 1327 1329