0 <==> 1 2 4 8 16 32 64 128 256 512
1 <==> 0 3 5 9 17 33 65 129 257 513
2 <==> 0 3 6 10 18 34 66 130 258 514
3 <==> 1 2 7 11 19 35 67 131 259 515
4 <==> 0 5 6 12 20 36 68 132 260 516
5 <==> 1 4 7 13 21 37 69 133 261 517
6 <==> 2 4 7 14 22 38 70 134 262 518
7 <==> 3 5 6 15 23 39 71 135 263 519
8 <==> 0 9 10 12 24 40 72 136 264 520
9 <==> 1 8 11 13 25 41 73 137 265 521
10 <==> 2 8 11 14 26 42 74 138 266 522
11 <==> 3 9 10 15 27 43 75 139 267 523
12 <==> 4 8 13 14 28 44 76 140 268 524
13 <==> 5 9 12 15 29 45 77 141 269 525
14 <==> 6 10 12 15 30 46 78 142 270 526
15 <==> 7 11 13 14 31 47 79 143 271 527
16 <==> 0 17 18 20 24 48 80 144 272 528
17 <==> 1 16 19 21 25 49 81 145 273 529
18 <==> 2 16 19 22 26 50 82 146 274 530
19 <==> 3 17 18 23 27 51 83 147 275 531
20 <==> 4 16 21 22 28 52 84 148 276 532
21 <==> 5 17 20 23 29 53 85 149 277 533
22 <==> 6 18 20 23 30 54 86 150 278 534
23 <==> 7 19 21 22 31 55 87 151 279 535
24 <==> 8 16 25 26 28 56 88 152 280 536
25 <==> 9 17 24 27 29 57 89 153 281 537
26 <==> 10 18 24 27 30 58 90 154 282 538
27 <==> 11 19 25 26 31 59 91 155 283 539
28 <==> 12 20 24 29 30 60 92 156 284 540
29 <==> 13 21 25 28 31 61 93 157 285 541
30 <==> 14 22 26 28 31 62 94 158 286 542
31 <==> 15 23 27 29 30 63 95 159 287 543
32 <==> 0 33 34 36 40 48 96 160 288 544
33 <==> 1 32 35 37 41 49 97 161 289 545
34 <==> 2 32 35 38 42 50 98 162 290 546
35 <==> 3 33 34 39 43 51 99 163 291 547
36 <==> 4 32 37 38 44 52 100 164 292 548
37 <==> 5 33 36 39 45 53 101 165 293 549
38 <==> 6 34 36 39 46 54 102 166 294 550
39 <==> 7 35 37 38 47 55 103 167 295 551
40 <==> 8 32 41 42 44 56 104 168 296 552
41 <==> 9 33 40 43 45 57 105 169 297 553
42 <==> 10 34 40 43 46 58 106 170 298 554
43 <==> 11 35 41 42 47 59 107 171 299 555
44 <==> 12 36 40 45 46 60 108 172 300 556
45 <==> 13 37 41 44 47 61 109 173 301 557
46 <==> 14 38 42 44 47 62 110 174 302 558
47 <==> 15 39 43 45 46 63 111 175 303 559
48 <==> 16 32 49 50 52 56 112 176 304 560
49 <==> 17 33 48 51 53 57 113 177 305 561
50 <==> 18 34 48 51 54 58 114 178 306 562
51 <==> 19 35 49 50 55 59 115 179 307 563
52 <==> 20 36 48 53 54 60 116 180 308 564
53 <==> 21 37 49 52 55 61 117 181 309 565
54 <==> 22 38 50 52 55 62 118 182 310 566
55 <==> 23 39 51 53 54 63 119 183 311 567
56 <==> 24 40 48 57 58 60 120 184 312 568
57 <==> 25 41 49 56 59 61 121 185 313 569
58 <==> 26 42 50 56 59 62 122 186 314 570
59 <==> 27 43 51 57 58 63 123 187 315 571
60 <==> 28 44 52 56 61 62 124 188 316 572
61 <==> 29 45 53 57 60 63 125 189 317 573
62 <==> 30 46 54 58 60 63 126 190 318 574
63 <==> 31 47 55 59 61 62 127 191 319 575
64 <==> 0 65 66 68 72 80 96 192 320 576
65 <==> 1 64 67 69 73 81 97 193 321 577
66 <==> 2 64 67 70 74 82 98 194 322 578
67 <==> 3 65 66 71 75 83 99 195 323 579
68 <==> 4 64 69 70 76 84 100 196 324 580
69 <==> 5 65 68 71 77 85 101 197 325 581
70 <==> 6 66 68 71 78 86 102 198 326 582
71 <==> 7 67 69 70 79 87 103 199 327 583
72 <==> 8 64 73 74 76 88 104 200 328 584
73 <==> 9 65 72 75 77 89 105 201 329 585
74 <==> 10 66 72 75 78 90 106 202 330 586
75 <==> 11 67 73 74 79 91 107 203 331 587
76 <==> 12 68 72 77 78 92 108 204 332 588
77 <==> 13 69 73 76 79 93 109 205 333 589
78 <==> 14 70 74 76 79 94 110 206 334 590
79 <==> 15 71 75 77 78 95 111 207 335 591
80 <==> 16 64 81 82 84 88 112 208 336 592
81 <==> 17 65 80 83 85 89 113 209 337 593
82 <==> 18 66 80 83 86 90 114 210 338 594
83 <==> 19 67 81 82 87 91 115 211 339 595
84 <==> 20 68 80 85 86 92 116 212 340 596
85 <==> 21 69 81 84 87 93 117 213 341 597
86 <==> 22 70 82 84 87 94 118 214 342 598
87 <==> 23 71 83 85 86 95 119 215 343 599
88 <==> 24 72 80 89 90 92 120 216 344 600
89 <==> 25 73 81 88 91 93 121 217 345 601
90 <==> 26 74 82 88 91 94 122 218 346 602
91 <==> 27 75 83 89 90 95 123 219 347 603
92 <==> 28 76 84 88 93 94 124 220 348 604
93 <==> 29 77 85 89 92 95 125 221 349 605
94 <==> 30 78 86 90 92 95 126 222 350 606
95 <==> 31 79 87 91 93 94 127 223 351 607
96 <==> 32 64 97 98 100 104 112 224 352 608
97 <==> 33 65 96 99 101 105 113 225 353 609
98 <==> 34 66 96 99 102 106 114 226 354 610
99 <==> 35 67 97 98 103 107 115 227 355 611
100 <==> 36 68 96 101 102 108 116 228 356 612
101 <==> 37 69 97 100 103 109 117 229 357 613
102 <==> 38 70 98 100 103 110 118 230 358 614
103 <==> 39 71 99 101 102 111 119 231 359 615
104 <==> 40 72 96 105 106 108 120 232 360 616
105 <==> 41 73 97 104 107 109 121 233 361 617
106 <==> 42 74 98 104 107 110 122 234 362 618
107 <==> 43 75 99 105 106 111 123 235 363 619
108 <==> 44 76 100 104 109 110 124 236 364 620
109 <==> 45 77 101 105 108 111 125 237 365 621
110 <==> 46 78 102 106 108 111 126 238 366 622
111 <==> 47 79 103 107 109 110 127 239 367 623
112 <==> 48 80 96 113 114 116 120 240 368 624
113 <==> 49 81 97 112 115 117 121 241 369 625
114 <==> 50 82 98 112 115 118 122 242 370 626
115 <==> 51 83 99 113 114 119 123 243 371 627
116 <==> 52 84 100 112 117 118 124 244 372 628
117 <==> 53 85 101 113 116 119 125 245 373 629
118 <==> 54 86 102 114 116 119 126 246 374 630
119 <==> 55 87 103 115 117 118 127 247 375 631
120 <==> 56 88 104 112 121 122 124 248 376 632
121 <==> 57 89 105 113 120 123 125 249 377 633
122 <==> 58 90 106 114 120 123 126 250 378 634
123 <==> 59 91 107 115 121 122 127 251 379 635
124 <==> 60 92 108 116 120 125 126 252 380 636
125 <==> 61 93 109 117 121 124 127 253 381 637
126 <==> 62 94 110 118 122 124 127 254 382 638
127 <==> 63 95 111 119 123 125 126 255 383 639
128 <==> 0 129 130 132 136 144 160 192 384 640
129 <==> 1 128 131 133 137 145 161 193 385 641
130 <==> 2 128 131 134 138 146 162 194 386 642
131 <==> 3 129 130 135 139 147 163 195 387 643
132 <==> 4 128 133 134 140 148 164 196 388 644
133 <==> 5 129 132 135 141 149 165 197 389 645
134 <==> 6 130 132 135 142 150 166 198 390 646
135 <==> 7 131 133 134 143 151 167 199 391 647
136 <==> 8 128 137 138 140 152 168 200 392 648
137 <==> 9 129 136 139 141 153 169 201 393 649
138 <==> 10 130 136 139 142 154 170 202 394 650
139 <==> 11 131 137 138 143 155 171 203 395 651
140 <==> 12 132 136 141 142 156 172 204 396 652
141 <==> 13 133 137 140 143 157 173 205 397 653
142 <==> 14 134 138 140 143 158 174 206 398 654
143 <==> 15 135 139 141 142 159 175 207 399 655
144 <==> 16 128 145 146 148 152 176 208 400 656
145 <==> 17 129 144 147 149 153 177 209 401 657
146 <==> 18 130 144 147 150 154 178 210 402 658
147 <==> 19 131 145 146 151 155 179 211 403 659
148 <==> 20 132 144 149 150 156 180 212 404 660
149 <==> 21 133 145 148 151 157 181 213 405 661
150 <==> 22 134 146 148 151 158 182 214 406 662
151 <==> 23 135 147 149 150 159 183 215 407 663
152 <==> 24 136 144 153 154 156 184 216 408 664
153 <==> 25 137 145 152 155 157 185 217 409 665
154 <==> 26 138 146 152 155 158 186 218 410 666
155 <==> 27 139 147 153 154 159 187 219 411 667
156 <==> 28 140 148 152 157 158 188 220 412 668
157 <==> 29 141 149 153 156 159 189 221 413 669
158 <==> 30 142 150 154 156 159 190 222 414 670
159 <==> 31 143 151 155 157 158 191 223 415 671
160 <==> 32 128 161 162 164 168 176 224 416 672
161 <==> 33 129 160 163 165 169 177 225 417 673
162 <==> 34 130 160 163 166 170 178 226 418 674
163 <==> 35 131 161 162 167 171 179 227 419 675
164 <==> 36 132 160 165 166 172 180 228 420 676
165 <==> 37 133 161 164 167 173 181 229 421 677
166 <==> 38 134 162 164 167 174 182 230 422 678
167 <==> 39 135 163 165 166 175 183 231 423 679
168 <==> 40 136 160 169 170 172 184 232 424 680
169 <==> 41 137 161 168 171 173 185 233 425 681
170 <==> 42 138 162 168 171 174 186 234 426 682
171 <==> 43 139 163 169 170 175 187 235 427 683
172 <==> 44 140 164 168 173 174 188 236 428 684
173 <==> 45 141 165 169 172 175 189 237 429 685
174 <==> 46 142 166 170 172 175 190 238 430 686
175 <==> 47 143 167 171 173 174 191 239 431 687
176 <==> 48 144 160 177 178 180 184 240 432 688
177 <==> 49 145 161 176 179 181 185 241 433 689
178 <==> 50 146 162 176 179 182 186 242 434 690
179 <==> 51 147 163 177 178 183 187 243 435 691
180 <==> 52 148 164 176 181 182 188 244 436 692
181 <==> 53 149 165 177 180 183 189 245 437 693
182 <==> 54 150 166 178 180 183 190 246 438 694
183 <==> 55 151 167 179 181 182 191 247 439 695
184 <==> 56 152 168 176 185 186 188 248 440 696
185 <==> 57 153 169 177 184 187 189 249 441 697
186 <==> 58 154 170 178 184 187 190 250 442 698
187 <==> 59 155 171 179 185 186 191 251 443 699
188 <==> 60 156 172 180 184 189 190 252 444 700
189 <==> 61 157 173 181 185 188 191 253 445 701
190 <==> 62 158 174 182 186 188 191 254 446 702
191 <==> 63 159 175 183 187 189 190 255 447 703
192 <==> 64 128 193 194 196 200 208 224 448 704
193 <==> 65 129 192 195 197 201 209 225 449 705
194 <==> 66 130 192 195 198 202 210 226 450 706
195 <==> 67 131 193 194 199 203 211 227 451 707
196 <==> 68 132 192 197 198 204 212 228 452 708
197 <==> 69 133 193 196 199 205 213 229 453 709
198 <==> 70 134 194 196 199 206 214 230 454 710
199 <==> 71 135 195 197 198 207 215 231 455 711
200 <==> 72 136 192 201 202 204 216 232 456 712
201 <==> 73 137 193 200 203 205 217 233 457 713
202 <==> 74 138 194 200 203 206 218 234 458 714
203 <==> 75 139 195 201 202 207 219 235 459 715
204 <==> 76 140 196 200 205 206 220 236 460 716
205 <==> 77 141 197 201 204 207 221 237 461 717
206 <==> 78 142 198 202 204 207 222 238 462 718
207 <==> 79 143 199 203 205 206 223 239 463 719
208 <==> 80 144 192 209 210 212 216 240 464 720
209 <==> 81 145 193 208 211 213 217 241 465 721
210 <==> 82 146 194 208 211 214 218 242 466 722
211 <==> 83 147 195 209 210 215 219 243 467 723
212 <==> 84 148 196 208 213 214 220 244 468 724
213 <==> 85 149 197 209 212 215 221 245 469 725
214 <==> 86 150 198 210 212 215 222 246 470 726
215 <==> 87 151 199 211 213 214 223 247 471 727
216 <==> 88 152 200 208 217 218 220 248 472 728
217 <==> 89 153 201 209 216 219 221 249 473 729
218 <==> 90 154 202 210 216 219 222 250 474 730
219 <==> 91 155 203 211 217 218 223 251 475 731
220 <==> 92 156 204 212 216 221 222 252 476 732
221 <==> 93 157 205 213 217 220 223 253 477 733
222 <==> 94 158 206 214 218 220 223 254 478 734
223 <==> 95 159 207 215 219 221 222 255 479 735
224 <==> 96 160 192 225 226 228 232 240 480 736
225 <==> 97 161 193 224 227 229 233 241 481 737
226 <==> 98 162 194 224 227 230 234 242 482 738
227 <==> 99 163 195 225 226 231 235 243 483 739
228 <==> 100 164 196 224 229 230 236 244 484 740
229 <==> 101 165 197 225 228 231 237 245 485 741
230 <==> 102 166 198 226 228 231 238 246 486 742
231 <==> 103 167 199 227 229 230 239 247 487 743
232 <==> 104 168 200 224 233 234 236 248 488 744
233 <==> 105 169 201 225 232 235 237 249 489 745
234 <==> 106 170 202 226 232 235 238 250 490 746
235 <==> 107 171 203 227 233 234 239 251 491 747
236 <==> 108 172 204 228 232 237 238 252 492 748
237 <==> 109 173 205 229 233 236 239 253 493 749
238 <==> 110 174 206 230 234 236 239 254 494 750
239 <==> 111 175 207 231 235 237 238 255 495 751
240 <==> 112 176 208 224 241 242 244 248 496 752
241 <==> 113 177 209 225 240 243 245 249 497 753
242 <==> 114 178 210 226 240 243 246 250 498 754
243 <==> 115 179 211 227 241 242 247 251 499 755
244 <==> 116 180 212 228 240 245 246 252 500 756
245 <==> 117 181 213 229 241 244 247 253 501 757
246 <==> 118 182 214 230 242 244 247 254 502 758
247 <==> 119 183 215 231 243 245 246 255 503 759
248 <==> 120 184 216 232 240 249 250 252 504 760
249 <==> 121 185 217 233 241 248 251 253 505 761
250 <==> 122 186 218 234 242 248 251 254 506 762
251 <==> 123 187 219 235 243 249 250 255 507 763
252 <==> 124 188 220 236 244 248 253 254 508 764
253 <==> 125 189 221 237 245 249 252 255 509 765
254 <==> 126 190 222 238 246 250 252 255 510 766
255 <==> 127 191 223 239 247 251 253 254 511 767
256 <==> 0 257 258 260 264 272 288 320 384 768
257 <==> 1 256 259 261 265 273 289 321 385 769
258 <==> 2 256 259 262 266 274 290 322 386 770
259 <==> 3 257 258 263 267 275 291 323 387 771
260 <==> 4 256 261 262 268 276 292 324 388 772
261 <==> 5 257 260 263 269 277 293 325 389 773
262 <==> 6 258 260 263 270 278 294 326 390 774
263 <==> 7 259 261 262 271 279 295 327 391 775
264 <==> 8 256 265 266 268 280 296 328 392 776
265 <==> 9 257 264 267 269 281 297 329 393 777
266 <==> 10 258 264 267 270 282 298 330 394 778
267 <==> 11 259 265 266 271 283 299 331 395 779
268 <==> 12 260 264 269 270 284 300 332 396 780
269 <==> 13 261 265 268 271 285 301 333 397 781
270 <==> 14 262 266 268 271 286 302 334 398 782
271 <==> 15 263 267 269 270 287 303 335 399 783
272 <==> 16 256 273 274 276 280 304 336 400 784
273 <==> 17 257 272 275 277 281 305 337 401 785
274 <==> 18 258 272 275 278 282 306 338 402 786
275 <==> 19 259 273 274 279 283 307 339 403 787
276 <==> 20 260 272 277 278 284 308 340 404 788
277 <==> 21 261 273 276 279 285 309 341 405 789
278 <==> 22 262 274 276 279 286 310 342 406 790
279 <==> 23 263 275 277 278 287 311 343 407 791
280 <==> 24 264 272 281 282 284 312 344 408 792
281 <==> 25 265 273 280 283 285 313 345 409 793
282 <==> 26 266 274 280 283 286 314 346 410 794
283 <==> 27 267 275 281 282 287 315 347 411 795
284 <==> 28 268 276 280 285 286 316 348 412 796
285 <==> 29 269 277 281 284 287 317 349 413 797
286 <==> 30 270 278 282 284 287 318 350 414 798
287 <==> 31 271 279 283 285 286 319 351 415 799
288 <==> 32 256 289 290 292 296 304 352 416 800
289 <==> 33 257 288 291 293 297 305 353 417 801
290 <==> 34 258 288 291 294 298 306 354 418 802
291 <==> 35 259 289 290 295 299 307 355 419 803
292 <==> 36 260 288 293 294 300 308 356 420 804
293 <==> 37 261 289 292 295 301 309 357 421 805
294 <==> 38 262 290 292 295 302 310 358 422 806
295 <==> 39 263 291 293 294 303 311 359 423 807
296 <==> 40 264 288 297 298 300 312 360 424 808
297 <==> 41 265 289 296 299 301 313 361 425 809
298 <==> 42 266 290 296 299 302 314 362 426 810
299 <==> 43 267 291 297 298 303 315 363 427 811
300 <==> 44 268 292 296 301 302 316 364 428 812
301 <==> 45 269 293 297 300 303 317 365 429 813
302 <==> 46 270 294 298 300 303 318 366 430 814
303 <==> 47 271 295 299 301 302 319 367 431 815
304 <==> 48 272 288 305 306 308 312 368 432 816
305 <==> 49 273 289 304 307 309 313 369 433 817
306 <==> 50 274 290 304 307 310 314 370 434 818
307 <==> 51 275 291 305 306 311 315 371 435 819
308 <==> 52 276 292 304 309 310 316 372 436 820
309 <==> 53 277 293 305 308 311 317 373 437 821
310 <==> 54 278 294 306 308 311 318 374 438 822
311 <==> 55 279 295 307 309 310 319 375 439 823
312 <==> 56 280 296 304 313 314 316 376 440 824
313 <==> 57 281 297 305 312 315 317 377 441 825
314 <==> 58 282 298 306 312 315 318 378 442 826
315 <==> 59 283 299 307 313 314 319 379 443 827
316 <==> 60 284 300 308 312 317 318 380 444 828
317 <==> 61 285 301 309 313 316 319 381 445 829
318 <==> 62 286 302 310 314 316 319 382 446 830
319 <==> 63 287 303 311 315 317 318 383 447 831
320 <==> 64 256 321 322 324 328 336 352 448 832
321 <==> 65 257 320 323 325 329 337 353 449 833
322 <==> 66 258 320 323 326 330 338 354 450 834
323 <==> 67 259 321 322 327 331 339 355 451 835
324 <==> 68 260 320 325 326 332 340 356 452 836
325 <==> 69 261 321 324 327 333 341 357 453 837
326 <==> 70 262 322 324 327 334 342 358 454 838
327 <==> 71 263 323 325 326 335 343 359 455 839
328 <==> 72 264 320 329 330 332 344 360 456 840
329 <==> 73 265 321 328 331 333 345 361 457 841
330 <==> 74 266 322 328 331 334 346 362 458 842
331 <==> 75 267 323 329 330 335 347 363 459 843
332 <==> 76 268 324 328 333 334 348 364 460 844
333 <==> 77 269 325 329 332 335 349 365 461 845
334 <==> 78 270 326 330 332 335 350 366 462 846
335 <==> 79 271 327 331 333 334 351 367 463 847
336 <==> 80 272 320 337 338 340 344 368 464 848
337 <==> 81 273 321 336 339 341 345 369 465 849
338 <==> 82 274 322 336 339 342 346 370 466 850
339 <==> 83 275 323 337 338 343 347 371 467 851
340 <==> 84 276 324 336 341 342 348 372 468 852
341 <==> 85 277 325 337 340 343 349 373 469 853
342 <==> 86 278 326 338 340 343 350 374 470 854
343 <==> 87 279 327 339 341 342 351 375 471 855
344 <==> 88 280 328 336 345 346 348 376 472 856
345 <==> 89 281 329 337 344 347 349 377 473 857
346 <==> 90 282 330 338 344 347 350 378 474 858
347 <==> 91 283 331 339 345 346 351 379 475 859
348 <==> 92 284 332 340 344 349 350 380 476 860
349 <==> 93 285 333 341 345 348 351 381 477 861
350 <==> 94 286 334 342 346 348 351 382 478 862
351 <==> 95 287 335 343 347 349 350 383 479 863
352 <==> 96 288 320 353 354 356 360 368 480 864
353 <==> 97 289 321 352 355 357 361 369 481 865
354 <==> 98 290 322 352 355 358 362 370 482 866
355 <==> 99 291 323 353 354 359 363 371 483 867
356 <==> 100 292 324 352 357 358 364 372 484 868
357 <==> 101 293 325 353 356 359 365 373 485 869
358 <==> 102 294 326 354 356 359 366 374 486 870
359 <==> 103 295 327 355 357 358 367 375 487 871
360 <==> 104 296 328 352 361 362 364 376 488 872
361 <==> 105 297 329 353 360 363 365 377 489 873
362 <==> 106 298 330 354 360 363 366 378 490 874
363 <==> 107 299 331 355 361 362 367 379 491 875
364 <==> 108 300 332 356 360 365 366 380 492 876
365 <==> 109 301 333 357 361 364 367 381 493 877
366 <==> 110 302 334 358 362 364 367 382 494 878
367 <==> 111 303 335 359 363 365 366 383 495 879
368 <==> 112 304 336 352 369 370 372 376 496 880
369 <==> 113 305 337 353 368 371 373 377 497 881
370 <==> 114 306 338 354 368 371 374 378 498 882
371 <==> 115 307 339 355 369 370 375 379 499 883
372 <==> 116 308 340 356 368 373 374 380 500 884
373 <==> 117 309 341 357 369 372 375 381 501 885
374 <==> 118 310 342 358 370 372 375 382 502 886
375 <==> 119 311 343 359 371 373 374 383 503 887
376 <==> 120 312 344 360 368 377 378 380 504 888
377 <==> 121 313 345 361 369 376 379 381 505 889
378 <==> 122 314 346 362 370 376 379 382 506 890
379 <==> 123 315 347 363 371 377 378 383 507 891
380 <==> 124 316 348 364 372 376 381 382 508 892
381 <==> 125 317 349 365 373 377 380 383 509 893
382 <==> 126 318 350 366 374 378 380 383 510 894
383 <==> 127 319 351 367 375 379 381 382 511 895
384 <==> 128 256 385 386 388 392 400 416 448 896
385 <==> 129 257 384 387 389 393 401 417 449 897
386 <==> 130 258 384 387 390 394 402 418 450 898
387 <==> 131 259 385 386 391 395 403 419 451 899
388 <==> 132 260 384 389 390 396 404 420 452 900
389 <==> 133 261 385 388 391 397 405 421 453 901
390 <==> 134 262 386 388 391 398 406 422 454 902
391 <==> 135 263 387 389 390 399 407 423 455 903
392 <==> 136 264 384 393 394 396 408 424 456 904
393 <==> 137 265 385 392 395 397 409 425 457 905
394 <==> 138 266 386 392 395 398 410 426 458 906
395 <==> 139 267 387 393 394 399 411 427 459 907
396 <==> 140 268 388 392 397 398 412 428 460 908
397 <==> 141 269 389 393 396 399 413 429 461 909
398 <==> 142 270 390 394 396 399 414 430 462 910
399 <==> 143 271 391 395 397 398 415 431 463 911
400 <==> 144 272 384 401 402 404 408 432 464 912
401 <==> 145 273 385 400 403 405 409 433 465 913
402 <==> 146 274 386 400 403 406 410 434 466 914
403 <==> 147 275 387 401 402 407 411 435 467 915
404 <==> 148 276 388 400 405 406 412 436 468 916
405 <==> 149 277 389 401 404 407 413 437 469 917
406 <==> 150 278 390 402 404 407 414 438 470 918
407 <==> 151 279 391 403 405 406 415 439 471 919
408 <==> 152 280 392 400 409 410 412 440 472 920
409 <==> 153 281 393 401 408 411 413 441 473 921
410 <==> 154 282 394 402 408 411 414 442 474 922
411 <==> 155 283 395 403 409 410 415 443 475 923
412 <==> 156 284 396 404 408 413 414 444 476 924
413 <==> 157 285 397 405 409 412 415 445 477 925
414 <==> 158 286 398 406 410 412 415 446 478 926
415 <==> 159 287 399 407 411 413 414 447 479 927
416 <==> 160 288 384 417 418 420 424 432 480 928
417 <==> 161 289 385 416 419 421 425 433 481 929
418 <==> 162 290 386 416 419 422 426 434 482 930
419 <==> 163 291 387 417 418 423 427 435 483 931
420 <==> 164 292 388 416 421 422 428 436 484 932
421 <==> 165 293 389 417 420 423 429 437 485 933
422 <==> 166 294 390 418 420 423 430 438 486 934
423 <==> 167 295 391 419 421 422 431 439 487 935
424 <==> 168 296 392 416 425 426 428 440 488 936
425 <==> 169 297 393 417 424 427 429 441 489 937
426 <==> 170 298 394 418 424 427 430 442 490 938
427 <==> 171 299 395 419 425 426 431 443 491 939
428 <==> 172 300 396 420 424 429 430 444 492 940
429 <==> 173 301 397 421 425 428 431 445 493 941
430 <==> 174 302 398 422 426 428 431 446 494 942
431 <==> 175 303 399 423 427 429 430 447 495 943
432 <==> 176 304 400 416 433 434 436 440 496 944
433 <==> 177 305 401 417 432 435 437 441 497 945
434 <==> 178 306 402 418 432 435 438 442 498 946
435 <==> 179 307 403 419 433 434 439 443 499 947
436 <==> 180 308 404 420 432 437 438 444 500 948
437 <==> 181 309 405 421 433 436 439 445 501 949
438 <==> 182 310 406 422 434 436 439 446 502 950
439 <==> 183 311 407 423 435 437 438 447 503 951
440 <==> 184 312 408 424 432 441 442 444 504 952
441 <==> 185 313 409 425 433 440 443 445 505 953
442 <==> 186 314 410 426 434 440 443 446 506 954
443 <==> 187 315 411 427 435 441 442 447 507 955
444 <==> 188 316 412 428 436 440 445 446 508 956
445 <==> 189 317 413 429 437 441 444 447 509 957
446 <==> 190 318 414 430 438 442 444 447 510 958
447 <==> 191 319 415 431 439 443 445 446 511 959
448 <==> 192 320 384 449 450 452 456 464 480 960
449 <==> 193 321 385 448 451 453 457 465 481 961
450 <==> 194 322 386 448 451 454 458 466 482 962
451 <==> 195 323 387 449 450 455 459 467 483 963
452 <==> 196 324 388 448 453 454 460 468 484 964
453 <==> 197 325 389 449 452 455 461 469 485 965
454 <==> 198 326 390 450 452 455 462 470 486 966
455 <==> 199 327 391 451 453 454 463 471 487 967
456 <==> 200 328 392 448 457 458 460 472 488 968
457 <==> 201 329 393 449 456 459 461 473 489 969
458 <==> 202 330 394 450 456 459 462 474 490 970
459 <==> 203 331 395 451 457 458 463 475 491 971
460 <==> 204 332 396 452 456 461 462 476 492 972
461 <==> 205 333 397 453 457 460 463 477 493 973
462 <==> 206 334 398 454 458 460 463 478 494 974
463 <==> 207 335 399 455 459 461 462 479 495 975
464 <==> 208 336 400 448 465 466 468 472 496 976
465 <==> 209 337 401 449 464 467 469 473 497 977
466 <==> 210 338 402 450 464 467 470 474 498 978
467 <==> 211 339 403 451 465 466 471 475 499 979
468 <==> 212 340 404 452 464 469 470 476 500 980
469 <==> 213 341 405 453 465 468 471 477 501 981
470 <==> 214 342 406 454 466 468 471 478 502 982
471 <==> 215 343 407 455 467 469 470 479 503 983
472 <==> 216 344 408 456 464 473 474 476 504 984
473 <==> 217 345 409 457 465 472 475 477 505 985
474 <==> 218 346 410 458 466 472 475 478 506 986
475 <==> 219 347 411 459 467 473 474 479 507 987
476 <==> 220 348 412 460 468 472 477 478 508 988
477 <==> 221 349 413 461 469 473 476 479 509 989
478 <==> 222 350 414 462 470 474 476 479 510 990
479 <==> 223 351 415 463 471 475 477 478 511 991
480 <==> 224 352 416 448 481 482 484 488 496 992
481 <==> 225 353 417 449 480 483 485 489 497 993
482 <==> 226 354 418 450 480 483 486 490 498 994
483 <==> 227 355 419 451 481 482 487 491 499 995
484 <==> 228 356 420 452 480 485 486 492 500 996
485 <==> 229 357 421 453 481 484 487 493 501 997
486 <==> 230 358 422 454 482 484 487 494 502 998
487 <==> 231 359 423 455 483 485 486 495 503 999
488 <==> 232 360 424 456 480 489 490 492 504 1000
489 <==> 233 361 425 457 481 488 491 493 505 1001
490 <==> 234 362 426 458 482 488 491 494 506 1002
491 <==> 235 363 427 459 483 489 490 495 507 1003
492 <==> 236 364 428 460 484 488 493 494 508 1004
493 <==> 237 365 429 461 485 489 492 495 509 1005
494 <==> 238 366 430 462 486 490 492 495 510 1006
495 <==> 239 367 431 463 487 491 493 494 511 1007
496 <==> 240 368 432 464 480 497 498 500 504 1008
497 <==> 241 369 433 465 481 496 499 501 505 1009
498 <==> 242 370 434 466 482 496 499 502 506 1010
499 <==> 243 371 435 467 483 497 498 503 507 1011
500 <==> 244 372 436 468 484 496 501 502 508 1012
501 <==> 245 373 437 469 485 497 500 503 509 1013
502 <==> 246 374 438 470 486 498 500 503 510 1014
503 <==> 247 375 439 471 487 499 501 502 511 1015
504 <==> 248 376 440 472 488 496 505 506 508 1016
505 <==> 249 377 441 473 489 497 504 507 509 1017
506 <==> 250 378 442 474 490 498 504 507 510 1018
507 <==> 251 379 443 475 491 499 505 506 511 1019
508 <==> 252 380 444 476 492 500 504 509 510 1020
509 <==> 253 381 445 477 493 501 505 508 511 1021
510 <==> 254 382 446 478 494 502 506 508 511 1022
511 <==> 255 383 447 479 495 503 507 509 510 1023
512 <==> 0 513 514 516 520 528 544 576 640 768
513 <==> 1 512 515 517 521 529 545 577 641 769
514 <==> 2 512 515 518 522 530 546 578 642 770
515 <==> 3 513 514 519 523 531 547 579 643 771
516 <==> 4 512 517 518 524 532 548 580 644 772
517 <==> 5 513 516 519 525 533 549 581 645 773
518 <==> 6 514 516 519 526 534 550 582 646 774
519 <==> 7 515 517 518 527 535 551 583 647 775
520 <==> 8 512 521 522 524 536 552 584 648 776
521 <==> 9 513 520 523 525 537 553 585 649 777
522 <==> 10 514 520 523 526 538 554 586 650 778
523 <==> 11 515 521 522 527 539 555 587 651 779
524 <==> 12 516 520 525 526 540 556 588 652 780
525 <==> 13 517 521 524 527 541 557 589 653 781
526 <==> 14 518 522 524 527 542 558 590 654 782
527 <==> 15 519 523 525 526 543 559 591 655 783
528 <==> 16 512 529 530 532 536 560 592 656 784
529 <==> 17 513 528 531 533 537 561 593 657 785
530 <==> 18 514 528 531 534 538 562 594 658 786
531 <==> 19 515 529 530 535 539 563 595 659 787
532 <==> 20 516 528 533 534 540 564 596 660 788
533 <==> 21 517 529 532 535 541 565 597 661 789
534 <==> 22 518 530 532 535 542 566 598 662 790
535 <==> 23 519 531 533 534 543 567 599 663 791
536 <==> 24 520 528 537 538 540 568 600 664 792
537 <==> 25 521 529 536 539 541 569 601 665 793
538 <==> 26 522 530 536 539 542 570 602 666 794
539 <==> 27 523 531 537 538 543 571 603 667 795
540 <==> 28 524 532 536 541 542 572 604 668 796
541 <==> 29 525 533 537 540 543 573 605 669 797
542 <==> 30 526 534 538 540 543 574 606 670 798
543 <==> 31 527 535 539 541 542 575 607 671 799
544 <==> 32 512 545 546 548 552 560 608 672 800
545 <==> 33 513 544 547 549 553 561 609 673 801
546 <==> 34 514 544 547 550 554 562 610 674 802
547 <==> 35 515 545 546 551 555 563 611 675 803
548 <==> 36 516 544 549 550 556 564 612 676 804
549 <==> 37 517 545 548 551 557 565 613 677 805
550 <==> 38 518 546 548 551 558 566 614 678 806
551 <==> 39 519 547 549 550 559 567 615 679 807
552 <==> 40 520 544 553 554 556 568 616 680 808
553 <==> 41 521 545 552 555 557 569 617 681 809
554 <==> 42 522 546 552 555 558 570 618 682 810
555 <==> 43 523 547 553 554 559 571 619 683 811
556 <==> 44 524 548 552 557 558 572 620 684 812
557 <==> 45 525 549 553 556 559 573 621 685 813
558 <==> 46 526 550 554 556 559 574 622 686 814
559 <==> 47 527 551 555 557 558 575 623 687 815
560 <==> 48 528 544 561 562 564 568 624 688 816
561 <==> 49 529 545 560 563 565 569 625 689 817
562 <==> 50 530 546 560 563 566 570 626 690 818
563 <==> 51 531 547 561 562 567 571 627 691 819
564 <==> 52 532 548 560 565 566 572 628 692 820
565 <==> 53 533 549 561 564 567 573 629 693 821
566 <==> 54 534 550 562 564 567 574 630 694 822
567 <==> 55 535 551 563 565 566 575 631 695 823
568 <==> 56 536 552 560 569 570 572 632 696 824
569 <==> 57 537 553 561 568 571 573 633 697 825
570 <==> 58 538 554 562 568 571 574 634 698 826
571 <==> 59 539 555 563 569 570 575 635 699 827
572 <==> 60 540 556 564 568 573 574 636 700 828
573 <==> 61 541 557 565 569 572 575 637 701 829
574 <==> 62 542 558 566 570 572 575 638 702 830
575 <==> 63 543 559 567 571 573 574 639 703 831
576 <==> 64 512 577 578 580 584 592 608 704 832
577 <==> 65 513 576 579 581 585 593 609 705 833
578 <==> 66 514 576 579 582 586 594 610 706 834
579 <==> 67 515 577 578 583 587 595 611 707 835
580 <==> 68 516 576 581 582 588 596 612 708 836
581 <==> 69 517 577 580 583 589 597 613 709 837
582 <==> 70 518 578 580 583 590 598 614 710 838
583 <==> 71 519 579 581 582 591 599 615 711 839
584 <==> 72 520 576 585 586 588 600 616 712 840
585 <==> 73 521 577 584 587 589 601 617 713 841
586 <==> 74 522 578 584 587 590 602 618 714 842
587 <==> 75 523 579 585 586 591 603 619 715 843
588 <==> 76 524 580 584 589 590 604 620 716 844
589 <==> 77 525 581 585 588 591 605 621 717 845
590 <==> 78 526 582 586 588 591 606 622 718 846
591 <==> 79 527 583 587 589 590 607 623 719 847
592 <==> 80 528 576 593 594 596 600 624 720 848
593 <==> 81 529 577 592 595 597 601 625 721 849
594 <==> 82 530 578 592 595 598 602 626 722 850
595 <==> 83 531 579 593 594 599 603 627 723 851
596 <==> 84 532 580 592 597 598 604 628 724 852
597 <==> 85 533 581 593 596 599 605 629 725 853
598 <==> 86 534 582 594 596 599 606 630 726 854
599 <==> 87 535 583 595 597 598 607 631 727 855
600 <==> 88 536 584 592 601 602 604 632 728 856
601 <==> 89 537 585 593 600 603 605 633 729 857
602 <==> 90 538 586 594 600 603 606 634 730 858
603 <==> 91 539 587 595 601 602 607 635 731 859
604 <==> 92 540 588 596 600 605 606 636 732 860
605 <==> 93 541 589 597 601 604 607 637 733 861
606 <==> 94 542 590 598 602 604 607 638 734 862
607 <==> 95 543 591 599 603 605 606 639 735 863
608 <==> 96 544 576 609 610 612 616 624 736 864
609 <==> 97 545 577 608 611 613 617 625 737 865
610 <==> 98 546 578 608 611 614 618 626 738 866
611 <==> 99 547 579 609 610 615 619 627 739 867
612 <==> 100 548 580 608 613 614 620 628 740 868
613 <==> 101 549 581 609 612 615 621 629 741 869
614 <==> 102 550 582 610 612 615 622 630 742 870
615 <==> 103 551 583 611 613 614 623 631 743 871
616 <==> 104 552 584 608 617 618 620 632 744 872
617 <==> 105 553 585 609 616 619 621 633 745 873
618 <==> 106 554 586 610 616 619 622 634 746 874
619 <==> 107 555 587 611 617 618 623 635 747 875
620 <==> 108 556 588 612 616 621 622 636 748 876
621 <==> 109 557 589 613 617 620 623 637 749 877
622 <==> 110 558 590 614 618 620 623 638 750 878
623 <==> 111 559 591 615 619 621 622 639 751 879
624 <==> 112 560 592 608 625 626 628 632 752 880
625 <==> 113 561 593 609 624 627 629 633 753 881
626 <==> 114 562 594 610 624 627 630 634 754 882
627 <==> 115 563 595 611 625 626 631 635 755 883
628 <==> 116 564 596 612 624 629 630 636 756 884
629 <==> 117 565 597 613 625 628 631 637 757 885
630 <==> 118 566 598 614 626 628 631 638 758 886
631 <==> 119 567 599 615 627 629 630 639 759 887
632 <==> 120 568 600 616 624 633 634 636 760 888
633 <==> 121 569 601 617 625 632 635 637 761 889
634 <==> 122 570 602 618 626 632 635 638 762 890
635 <==> 123 571 603 619 627 633 634 639 763 891
636 <==> 124 572 604 620 628 632 637 638 764 892
637 <==> 125 573 605 621 629 633 636 639 765 893
638 <==> 126 574 606 622 630 634 636 639 766 894
639 <==> 127 575 607 623 631 635 637 638 767 895
640 <==> 128 512 641 642 644 648 656 672 704 896
641 <==> 129 513 640 643 645 649 657 673 705 897
642 <==> 130 514 640 643 646 650 658 674 706 898
643 <==> 131 515 641 642 647 651 659 675 707 899
644 <==> 132 516 640 645 646 652 660 676 708 900
645 <==> 133 517 641 644 647 653 661 677 709 901
646 <==> 134 518 642 644 647 654 662 678 710 902
647 <==> 135 519 643 645 646 655 663 679 711 903
648 <==> 136 520 640 649 650 652 664 680 712 904
649 <==> 137 521 641 648 651 653 665 681 713 905
650 <==> 138 522 642 648 651 654 666 682 714 906
651 <==> 139 523 643 649 650 655 667 683 715 907
652 <==> 140 524 644 648 653 654 668 684 716 908
653 <==> 141 525 645 649 652 655 669 685 717 909
654 <==> 142 526 646 650 652 655 670 686 718 910
655 <==> 143 527 647 651 653 654 671 687 719 911
656 <==> 144 528 640 657 658 660 664 688 720 912
657 <==> 145 529 641 656 659 661 665 689 721 913
658 <==> 146 530 642 656 659 662 666 690 722 914
659 <==> 147 531 643 657 658 663 667 691 723 915
660 <==> 148 532 644 656 661 662 668 692 724 916
661 <==> 149 533 645 657 660 663 669 693 725 917
662 <==> 150 534 646 658 660 663 670 694 726 918
663 <==> 151 535 647 659 661 662 671 695 727 919
664 <==> 152 536 648 656 665 666 668 696 728 920
665 <==> 153 537 649 657 664 667 669 697 729 921
666 <==> 154 538 650 658 664 667 670 698 730 922
667 <==> 155 539 651 659 665 666 671 699 731 923
668 <==> 156 540 652 660 664 669 670 700 732 924
669 <==> 157 541 653 661 665 668 671 701 733 925
670 <==> 158 542 654 662 666 668 671 702 734 926
671 <==> 159 543 655 663 667 669 670 703 735 927
672 <==> 160 544 640 673 674 676 680 688 736 928
673 <==> 161 545 641 672 675 677 681 689 737 929
674 <==> 162 546 642 672 675 678 682 690 738 930
675 <==> 163 547 643 673 674 679 683 691 739 931
676 <==> 164 548 644 672 677 678 684 692 740 932
677 <==> 165 549 645 673 676 679 685 693 741 933
678 <==> 166 550 646 674 676 679 686 694 742 934
679 <==> 167 551 647 675 677 678 687 695 743 935
680 <==> 168 552 648 672 681 682 684 696 744 936
681 <==> 169 553 649 673 680 683 685 697 745 937
682 <==> 170 554 650 674 680 683 686 698 746 938
683 <==> 171 555 651 675 681 682 687 699 747 939
684 <==> 172 556 652 676 680 685 686 700 748 940
685 <==> 173 557 653 677 681 684 687 701 749 941
686 <==> 174 558 654 678 682 684 687 702 750 942
687 <==> 175 559 655 679 683 685 686 703 751 943
688 <==> 176 560 656 672 689 690 692 696 752 944
689 <==> 177 561 657 673 688 691 693 697 753 945
690 <==> 178 562 658 674 688 691 694 698 754 946
691 <==> 179 563 659 675 689 690 695 699 755 947
692 <==> 180 564 660 676 688 693 694 700 756 948
693 <==> 181 565 661 677 689 692 695 701 757 949
694 <==> 182 566 662 678 690 692 695 702 758 950
695 <==> 183 567 663 679 691 693 694 703 759 951
696 <==> 184 568 664 680 688 697 698 700 760 952
697 <==> 185 569 665 681 689 696 699 701 761 953
698 <==> 186 570 666 682 690 696 699 702 762 954
699 <==> 187 571 667 683 691 697 698 703 763 955
700 <==> 188 572 668 684 692 696 701 702 764 956
701 <==> 189 573 669 685 693 697 700 703 765 957
702 <==> 190 574 670 686 694 698 700 703 766 958
703 <==> 191 575 671 687 695 699 701 702 767 959
704 <==> 192 576 640 705 706 708 712 720 736 960
705 <==> 193 577 641 704 707 709 713 721 737 961
706 <==> 194 578 642 704 707 710 714 722 738 962
707 <==> 195 579 643 705 706 711 715 723 739 963
708 <==> 196 580 644 704 709 710 716 724 740 964
709 <==> 197 581 645 705 708 711 717 725 741 965
710 <==> 198 582 646 706 708 711 718 726 742 966
711 <==> 199 583 647 707 709 710 719 727 743 967
712 <==> 200 584 648 704 713 714 716 728 744 968
713 <==> 201 585 649 705 712 715 717 729 745 969
714 <==> 202 586 650 706 712 715 718 730 746 970
715 <==> 203 587 651 707 713 714 719 731 747 971
716 <==> 204 588 652 708 712 717 718 732 748 972
717 <==> 205 589 653 709 713 716 719 733 749 973
718 <==> 206 590 654 710 714 716 719 734 750 974
719 <==> 207 591 655 711 715 717 718 735 751 975
720 <==> 208 592 656 704 721 722 724 728 752 976
721 <==> 209 593 657 705 720 723 725 729 753 977
722 <==> 210 594 658 706 720 723 726 730 754 978
723 <==> 211 595 659 707 721 722 727 731 755 979
724 <==> 212 596 660 708 720 725 726 732 756 980
725 <==> 213 597 661 709 721 724 727 733 757 981
726 <==> 214 598 662 710 722 724 727 734 758 982
727 <==> 215 599 663 711 723 725 726 735 759 983
728 <==> 216 600 664 712 720 729 730 732 760 984
729 <==> 217 601 665 713 721 728 731 733 761 985
730 <==> 218 602 666 714 722 728 731 734 762 986
731 <==> 219 603 667 715 723 729 730 735 763 987
732 <==> 220 604 668 716 724 728 733 734 764 988
733 <==> 221 605 669 717 725 729 732 735 765 989
734 <==> 222 606 670 718 726 730 732 735 766 990
735 <==> 223 607 671 719 727 731 733 734 767 991
736 <==> 224 608 672 704 737 738 740 744 752 992
737 <==> 225 609 673 705 736 739 741 745 753 993
738 <==> 226 610 674 706 736 739 742 746 754 994
739 <==> 227 611 675 707 737 738 743 747 755 995
740 <==> 228 612 676 708 736 741 742 748 756 996
741 <==> 229 613 677 709 737 740 743 749 757 997
742 <==> 230 614 678 710 738 740 743 750 758 998
743 <==> 231 615 679 711 739 741 742 751 759 999
744 <==> 232 616 680 712 736 745 746 748 760 1000
745 <==> 233 617 681 713 737 744 747 749 761 1001
746 <==> 234 618 682 714 738 744 747 750 762 1002
747 <==> 235 619 683 715 739 745 746 751 763 1003
748 <==> 236 620 684 716 740 744 749 750 764 1004
749 <==> 237 621 685 717 741 745 748 751 765 1005
750 <==> 238 622 686 718 742 746 748 751 766 1006
751 <==> 239 623 687 719 743 747 749 750 767 1007
752 <==> 240 624 688 720 736 753 754 756 760 1008
753 <==> 241 625 689 721 737 752 755 757 761 1009
754 <==> 242 626 690 722 738 752 755 758 762 1010
755 <==> 243 627 691 723 739 753 754 759 763 1011
756 <==> 244 628 692 724 740 752 757 758 764 1012
757 <==> 245 629 693 725 741 753 756 759 765 1013
758 <==> 246 630 694 726 742 754 756 759 766 1014
759 <==> 247 631 695 727 743 755 757 758 767 1015
760 <==> 248 632 696 728 744 752 761 762 764 1016
761 <==> 249 633 697 729 745 753 760 763 765 1017
762 <==> 250 634 698 730 746 754 760 763 766 1018
763 <==> 251 635 699 731 747 755 761 762 767 1019
764 <==> 252 636 700 732 748 756 760 765 766 1020
765 <==> 253 637 701 733 749 757 761 764 767 1021
766 <==> 254 638 702 734 750 758 762 764 767 1022
767 <==> 255 639 703 735 751 759 763 765 766 1023
768 <==> 256 512 769 770 772 776 784 800 832 896
769 <==> 257 513 768 771 773 777 785 801 833 897
770 <==> 258 514 768 771 774 778 786 802 834 898
771 <==> 259 515 769 770 775 779 787 803 835 899
772 <==> 260 516 768 773 774 780 788 804 836 900
773 <==> 261 517 769 772 775 781 789 805 837 901
774 <==> 262 518 770 772 775 782 790 806 838 902
775 <==> 263 519 771 773 774 783 791 807 839 903
776 <==> 264 520 768 777 778 780 792 808 840 904
777 <==> 265 521 769 776 779 781 793 809 841 905
778 <==> 266 522 770 776 779 782 794 810 842 906
779 <==> 267 523 771 777 778 783 795 811 843 907
780 <==> 268 524 772 776 781 782 796 812 844 908
781 <==> 269 525 773 777 780 783 797 813 845 909
782 <==> 270 526 774 778 780 783 798 814 846 910
783 <==> 271 527 775 779 781 782 799 815 847 911
784 <==> 272 528 768 785 786 788 792 816 848 912
785 <==> 273 529 769 784 787 789 793 817 849 913
786 <==> 274 530 770 784 787 790 794 818 850 914
787 <==> 275 531 771 785 786 791 795 819 851 915
788 <==> 276 532 772 784 789 790 796 820 852 916
789 <==> 277 533 773 785 788 791 797 821 853 917
790 <==> 278 534 774 786 788 791 798 822 854 918
791 <==> 279 535 775 787 789 790 799 823 855 919
792 <==> 280 536 776 784 793 794 796 824 856 920
793 <==> 281 537 777 785 792 795 797 825 857 921
794 <==> 282 538 778 786 792 795 798 826 858 922
795 <==> 283 539 779 787 793 794 799 827 859 923
796 <==> 284 540 780 788 792 797 798 828 860 924
797 <==> 285 541 781 789 793 796 799 829 861 925
798 <==> 286 542 782 790 794 796 799 830 862 926
799 <==> 287 543 783 791 795 797 798 831 863 927
800 <==> 288 544 768 801 802 804 808 816 864 928
801 <==> 289 545 769 800 803 805 809 817 865 929
802 <==> 290 546 770 800 803 806 810 818 866 930
803 <==> 291 547 771 801 802 807 811 819 867 931
804 <==> 292 548 772 800 805 806 812 820 868 932
805 <==> 293 549 773 801 804 807 813 821 869 933
806 <==> 294 550 774 802 804 807 814 822 870 934
807 <==> 295 551 775 803 805 806 815 823 871 935
808 <==> 296 552 776 800 809 810 812 824 872 936
809 <==> 297 553 777 801 808 811 813 825 873 937
810 <==> 298 554 778 802 808 811 814 826 874 938
811 <==> 299 555 779 803 809 810 815 827 875 939
812 <==> 300 556 780 804 808 813 814 828 876 940
813 <==> 301 557 781 805 809 812 815 829 877 941
814 <==> 302 558 782 806 810 812 815 830 878 942
815 <==> 303 559 783 807 811 813 814 831 879 943
816 <==> 304 560 784 800 817 818 820 824 880 944
817 <==> 305 561 785 801 816 819 821 825 881 945
818 <==> 306 562 786 802 816 819 822 826 882 946
819 <==> 307 563 787 803 817 818 823 827 883 947
820 <==> 308 564 788 804 816 821 822 828 884 948
821 <==> 309 565 789 805 817 820 823 829 885 949
822 <==> 310 566 790 806 818 820 823 830 886 950
823 <==> 311 567 791 807 819 821 822 831 887 951
824 <==> 312 568 792 808 816 825 826 828 888 952
825 <==> 313 569 793 809 817 824 827 829 889 953
826 <==> 314 570 794 810 818 824 827 830 890 954
827 <==> 315 571 795 811 819 825 826 831 891 955
828 <==> 316 572 796 812 820 824 829 830 892 956
829 <==> 317 573 797 813 821 825 828 831 893 957
830 <==> 318 574 798 814 822 826 828 831 894 958
831 <==> 319 575 799 815 823 827 829 830 895 959
832 <==> 320 576 768 833 834 836 840 848 864 960
833 <==> 321 577 769 832 835 837 841 849 865 961
834 <==> 322 578 770 832 835 838 842 850 866 962
835 <==> 323 579 771 833 834 839 843 851 867 963
836 <==> 324 580 772 832 837 838 844 852 868 964
837 <==> 325 581 773 833 836 839 845 853 869 965
838 <==> 326 582 774 834 836 839 846 854 870 966
839 <==> 327 583 775 835 837 838 847 855 871 967
840 <==> 328 584 776 832 841 842 844 856 872 968
841 <==> 329 585 777 833 840 843 845 857 873 969
842 <==> 330 586 778 834 840 843 846 858 874 970
843 <==> 331 587 779 835 841 842 847 859 875 971
844 <==> 332 588 780 836 840 845 846 860 876 972
845 <==> 333 589 781 837 841 844 847 861 877 973
846 <==> 334 590 782 838 842 844 847 862 878 974
847 <==> 335 591 783 839 843 845 846 863 879 975
848 <==> 336 592 784 832 849 850 852 856 880 976
849 <==> 337 593 785 833 848 851 853 857 881 977
850 <==> 338 594 786 834 848 851 854 858 882 978
851 <==> 339 595 787 835 849 850 855 859 883 979
852 <==> 340 596 788 836 848 853 854 860 884 980
853 <==> 341 597 789 837 849 852 855 861 885 981
854 <==> 342 598 790 838 850 852 855 862 886 982
855 <==> 343 599 791 839 851 853 854 863 887 983
856 <==> 344 600 792 840 848 857 858 860 888 984
857 <==> 345 601 793 841 849 856 859 861 889 985
858 <==> 346 602 794 842 850 856 859 862 890 986
859 <==> 347 603 795 843 851 857 858 863 891 987
860 <==> 348 604 796 844 852 856 861 862 892 988
861 <==> 349 605 797 845 853 857 860 863 893 989
862 <==> 350 606 798 846 854 858 860 863 894 990
863 <==> 351 607 799 847 855 859 861 862 895 991
864 <==> 352 608 800 832 865 866 868 872 880 992
865 <==> 353 609 801 833 864 867 869 873 881 993
866 <==> 354 610 802 834 864 867 870 874 882 994
867 <==> 355 611 803 835 865 866 871 875 883 995
868 <==> 356 612 804 836 864 869 870 876 884 996
869 <==> 357 613 805 837 865 868 871 877 885 997
870 <==> 358 614 806 838 866 868 871 878 886 998
871 <==> 359 615 807 839 867 869 870 879 887 999
872 <==> 360 616 808 840 864 873 874 876 888 1000
873 <==> 361 617 809 841 865 872 875 877 889 1001
874 <==> 362 618 810 842 866 872 875 878 890 1002
875 <==> 363 619 811 843 867 873 874 879 891 1003
876 <==> 364 620 812 844 868 872 877 878 892 1004
877 <==> 365 621 813 845 869 873 876 879 893 1005
878 <==> 366 622 814 846 870 874 876 879 894 1006
879 <==> 367 623 815 847 871 875 877 878 895 1007
880 <==> 368 624 816 848 864 881 882 884 888 1008
881 <==> 369 625 817 849 865 880 883 885 889 1009
882 <==> 370 626 818 850 866 880 883 886 890 1010
883 <==> 371 627 819 851 867 881 882 887 891 1011
884 <==> 372 628 820 852 868 880 885 886 892 1012
885 <==> 373 629 821 853 869 881 884 887 893 1013
886 <==> 374 630 822 854 870 882 884 887 894 1014
887 <==> 375 631 823 855 871 883 885 886 895 1015
888 <==> 376 632 824 856 872 880 889 890 892 1016
889 <==> 377 633 825 857 873 881 888 891 893 1017
890 <==> 378 634 826 858 874 882 888 891 894 1018
891 <==> 379 635 827 859 875 883 889 890 895 1019
892 <==> 380 636 828 860 876 884 888 893 894 1020
893 <==> 381 637 829 861 877 885 889 892 895 1021
894 <==> 382 638 830 862 878 886 890 892 895 1022
895 <==> 383 639 831 863 879 887 891 893 894 1023
896 <==> 384 640 768 897 898 900 904 912 928 960
897 <==> 385 641 769 896 899 901 905 913 929 961
898 <==> 386 642 770 896 899 902 906 914 930 962
899 <==> 387 643 771 897 898 903 907 915 931 963
900 <==> 388 644 772 896 901 902 908 916 932 964
901 <==> 389 645 773 897 900 903 909 917 933 965
902 <==> 390 646 774 898 900 903 910 918 934 966
903 <==> 391 647 775 899 901 902 911 919 935 967
904 <==> 392 648 776 896 905 906 908 920 936 968
905 <==> 393 649 777 897 904 907 909 921 937 969
906 <==> 394 650 778 898 904 907 910 922 938 970
907 <==> 395 651 779 899 905 906 911 923 939 971
908 <==> 396 652 780 900 904 909 910 924 940 972
909 <==> 397 653 781 901 905 908 911 925 941 973
910 <==> 398 654 782 902 906 908 911 926 942 974
911 <==> 399 655 783 903 907 909 910 927 943 975
912 <==> 400 656 784 896 913 914 916 920 944 976
913 <==> 401 657 785 897 912 915 917 921 945 977
914 <==> 402 658 786 898 912 915 918 922 946 978
915 <==> 403 659 787 899 913 914 919 923 947 979
916 <==> 404 660 788 900 912 917 918 924 948 980
917 <==> 405 661 789 901 913 916 919 925 949 981
918 <==> 406 662 790 902 914 916 919 926 950 982
919 <==> 407 663 791 903 915 917 918 927 951 983
920 <==> 408 664 792 904 912 921 922 924 952 984
921 <==> 409 665 793 905 913 920 923 925 953 985
922 <==> 410 666 794 906 914 920 923 926 954 986
923 <==> 411 667 795 907 915 921 922 927 955 987
924 <==> 412 668 796 908 916 920 925 926 956 988
925 <==> 413 669 797 909 917 921 924 927 957 989
926 <==> 414 670 798 910 918 922 924 927 958 990
927 <==> 415 671 799 911 919 923 925 926 959 991
928 <==> 416 672 800 896 929 930 932 936 944 992
929 <==> 417 673 801 897 928 931 933 937 945 993
930 <==> 418 674 802 898 928 931 934 938 946 994
931 <==> 419 675 803 899 929 930 935 939 947 995
932 <==> 420 676 804 900 928 933 934 940 948 996
933 <==> 421 677 805 901 929 932 935 941 949 997
934 <==> 422 678 806 902 930 932 935 942 950 998
935 <==> 423 679 807 903 931 933 934 943 951 999
936 <==> 424 680 808 904 928 937 938 940 952 1000
937 <==> 425 681 809 905 929 936 939 941 953 1001
938 <==> 426 682 810 906 930 936 939 942 954 1002
939 <==> 427 683 811 907 931 937 938 943 955 1003
940 <==> 428 684 812 908 932 936 941 942 956 1004
941 <==> 429 685 813 909 933 937 940 943 957 1005
942 <==> 430 686 814 910 934 938 940 943 958 1006
943 <==> 431 687 815 911 935 939 941 942 959 1007
944 <==> 432 688 816 912 928 945 946 948 952 1008
945 <==> 433 689 817 913 929 944 947 949 953 1009
946 <==> 434 690 818 914 930 944 947 950 954 1010
947 <==> 435 691 819 915 931 945 946 951 955 1011
948 <==> 436 692 820 916 932 944 949 950 956 1012
949 <==> 437 693 821 917 933 945 948 951 957 1013
950 <==> 438 694 822 918 934 946 948 951 958 1014
951 <==> 439 695 823 919 935 947 949 950 959 1015
952 <==> 440 696 824 920 936 944 953 954 956 1016
953 <==> 441 697 825 921 937 945 952 955 957 1017
954 <==> 442 698 826 922 938 946 952 955 958 1018
955 <==> 443 699 827 923 939 947 953 954 959 1019
956 <==> 444 700 828 924 940 948 952 957 958 1020
957 <==> 445 701 829 925 941 949 953 956 959 1021
958 <==> 446 702 830 926 942 950 954 956 959 1022
959 <==> 447 703 831 927 943 951 955 957 958 1023
960 <==> 448 704 832 896 961 962 964 968 976 992
961 <==> 449 705 833 897 960 963 965 969 977 993
962 <==> 450 706 834 898 960 963 966 970 978 994
963 <==> 451 707 835 899 961 962 967 971 979 995
964 <==> 452 708 836 900 960 965 966 972 980 996
965 <==> 453 709 837 901 961 964 967 973 981 997
966 <==> 454 710 838 902 962 964 967 974 982 998
967 <==> 455 711 839 903 963 965 966 975 983 999
968 <==> 456 712 840 904 960 969 970 972 984 1000
969 <==> 457 713 841 905 961 968 971 973 985 1001
970 <==> 458 714 842 906 962 968 971 974 986 1002
971 <==> 459 715 843 907 963 969 970 975 987 1003
972 <==> 460 716 844 908 964 968 973 974 988 1004
973 <==> 461 717 845 909 965 969 972 975 989 1005
974 <==> 462 718 846 910 966 970 972 975 990 1006
975 <==> 463 719 847 911 967 971 973 974 991 1007
976 <==> 464 720 848 912 960 977 978 980 984 1008
977 <==> 465 721 849 913 961 976 979 981 985 1009
978 <==> 466 722 850 914 962 976 979 982 986 1010
979 <==> 467 723 851 915 963 977 978 983 987 1011
980 <==> 468 724 852 916 964 976 981 982 988 1012
981 <==> 469 725 853 917 965 977 980 983 989 1013
982 <==> 470 726 854 918 966 978 980 983 990 1014
983 <==> 471 727 855 919 967 979 981 982 991 1015
984 <==> 472 728 856 920 968 976 985 986 988 1016
985 <==> 473 729 857 921 969 977 984 987 989 1017
986 <==> 474 730 858 922 970 978 984 987 990 1018
987 <==> 475 731 859 923 971 979 985 986 991 1019
988 <==> 476 732 860 924 972 980 984 989 990 1020
989 <==> 477 733 861 925 973 981 985 988 991 1021
990 <==> 478 734 862 926 974 982 986 988 991 1022
991 <==> 479 735 863 927 975 983 987 989 990 1023
992 <==> 480 736 864 928 960 993 994 996 1000 1008
993 <==> 481 737 865 929 961 992 995 997 1001 1009
994 <==> 482 738 866 930 962 992 995 998 1002 1010
995 <==> 483 739 867 931 963 993 994 999 1003 1011
996 <==> 484 740 868 932 964 992 997 998 1004 1012
997 <==> 485 741 869 933 965 993 996 999 1005 1013
998 <==> 486 742 870 934 966 994 996 999 1006 1014
999 <==> 487 743 871 935 967 995 997 998 1007 1015
1000 <==> 488 744 872 936 968 992 1001 1002 1004 1016
1001 <==> 489 745 873 937 969 993 1000 1003 1005 1017
1002 <==> 490 746 874 938 970 994 1000 1003 1006 1018
1003 <==> 491 747 875 939 971 995 1001 1002 1007 1019
1004 <==> 492 748 876 940 972 996 1000 1005 1006 1020
1005 <==> 493 749 877 941 973 997 1001 1004 1007 1021
1006 <==> 494 750 878 942 974 998 1002 1004 1007 1022
1007 <==> 495 751 879 943 975 999 1003 1005 1006 1023
1008 <==> 496 752 880 944 976 992 1009 1010 1012 1016
1009 <==> 497 753 881 945 977 993 1008 1011 1013 1017
1010 <==> 498 754 882 946 978 994 1008 1011 1014 1018
1011 <==> 499 755 883 947 979 995 1009 1010 1015 1019
1012 <==> 500 756 884 948 980 996 1008 1013 1014 1020
1013 <==> 501 757 885 949 981 997 1009 1012 1015 1021
1014 <==> 502 758 886 950 982 998 1010 1012 1015 1022
1015 <==> 503 759 887 951 983 999 1011 1013 1014 1023
1016 <==> 504 760 888 952 984 1000 1008 1017 1018 1020
1017 <==> 505 761 889 953 985 1001 1009 1016 1019 1021
1018 <==> 506 762 890 954 986 1002 1010 1016 1019 1022
1019 <==> 507 763 891 955 987 1003 1011 1017 1018 1023
1020 <==> 508 764 892 956 988 1004 1012 1016 1021 1022
1021 <==> 509 765 893 957 989 1005 1013 1017 1020 1023
1022 <==> 510 766 894 958 990 1006 1014 1018 1020 1023
1023 <==> 511 767 895 959 991 1007 1015 1019 1021 1022