0 <==> 1 4 8 12 16 20 24
1 <==> 0 2 5 9 13 17 21 25
2 <==> 1 3 6 10 14 18 22 26
3 <==> 2 7 11 15 19 23 27 28
4 <==> 0 5
5 <==> 1 4 6
6 <==> 2 5 7
7 <==> 3 6 29
8 <==> 0 9
9 <==> 1 8 10
10 <==> 2 9 11
11 <==> 3 10 30
12 <==> 0 13
13 <==> 1 12 14
14 <==> 2 13 15
15 <==> 3 14 31
16 <==> 0 17
17 <==> 1 16 18
18 <==> 2 17 19
19 <==> 3 18 32
20 <==> 0 21
21 <==> 1 20 22
22 <==> 2 21 23
23 <==> 3 22 33
24 <==> 0 25
25 <==> 1 24 26
26 <==> 2 25 27
27 <==> 3 26 34
28 <==> 3 29 30 31 32 33 34
29 <==> 28 7
30 <==> 28 11
31 <==> 28 15
32 <==> 28 19
33 <==> 28 23
34 <==> 28 27