0 <==> 1 3 9
1 <==> 0 2 4 10
2 <==> 1 5 11
3 <==> 0 4 6 12
4 <==> 1 3 5 7 13
5 <==> 2 4 8 14
6 <==> 3 7 15
7 <==> 4 6 8 16
8 <==> 5 7 17
9 <==> 0 10 12 18
10 <==> 1 9 11 13 19
11 <==> 2 10 14 20
12 <==> 3 9 13 15 21
13 <==> 4 10 12 14 16 22
14 <==> 5 11 13 17 23
15 <==> 6 12 16 24
16 <==> 7 13 15 17 25
17 <==> 8 14 16 26
18 <==> 9 19 21 27 36
19 <==> 10 18 20 22 28 37
20 <==> 11 19 23 29 38
21 <==> 12 18 22 24 30 39
22 <==> 13 19 21 23 25 31 40
23 <==> 14 20 22 26 32 41
24 <==> 15 21 25 33 42
25 <==> 16 22 24 26 34 43
26 <==> 17 23 25 35 44
27 <==> 18 28 30 45
28 <==> 19 27 29 31 46
29 <==> 20 28 32 47
30 <==> 21 27 31 33 48
31 <==> 22 28 30 32 34 49
32 <==> 23 29 31 35 50
33 <==> 24 30 34 51
34 <==> 25 31 33 35 52
35 <==> 26 32 34 53
36 <==> 18 37 39
37 <==> 19 36 38 40
38 <==> 20 37 41
39 <==> 21 36 40 42
40 <==> 22 37 39 41 43
41 <==> 23 38 40 44
42 <==> 24 39 43
43 <==> 25 40 42 44
44 <==> 26 41 43
45 <==> 27 46 48
46 <==> 28 45 47 49
47 <==> 29 46 50
48 <==> 30 45 49 51
49 <==> 31 46 48 50 52
50 <==> 32 47 49 53
51 <==> 33 48 52
52 <==> 34 49 51 53
53 <==> 35 50 52 