0 <==> 1 2 4 8 16
1 <==> 0 3 5 9 17
2 <==> 0 3 6 10 18
3 <==> 1 2 7 11 19
4 <==> 0 5 6 12 20
5 <==> 1 4 7 13 21
6 <==> 2 4 7 14 22
7 <==> 3 5 6 15 23
8 <==> 0 9 10 12 24
9 <==> 1 8 11 13 25
10 <==> 2 8 11 14 26
11 <==> 3 9 10 15 27
12 <==> 4 8 13 14 28
13 <==> 5 9 12 15 29
14 <==> 6 10 12 15 30
15 <==> 7 11 13 14 31
16 <==> 0 17 18 20 24
17 <==> 1 16 19 21 25
18 <==> 2 16 19 22 26
19 <==> 3 17 18 23 27
20 <==> 4 16 21 22 28
21 <==> 5 17 20 23 29
22 <==> 6 18 20 23 30
23 <==> 7 19 21 22 31
24 <==> 8 16 25 26 28
25 <==> 9 17 24 27 29
26 <==> 10 18 24 27 30
27 <==> 11 19 25 26 31
28 <==> 12 20 24 29 30
29 <==> 13 21 25 28 31
30 <==> 14 22 26 28 31
31 <==> 15 23 27 29 30