0 <==> 1 2 4 8 16 32
1 <==> 0 3 5 9 17 33
2 <==> 0 3 6 10 18 34
3 <==> 1 2 7 11 19 35
4 <==> 0 5 6 12 20 36
5 <==> 1 4 7 13 21 37
6 <==> 2 4 7 14 22 38
7 <==> 3 5 6 15 23 39
8 <==> 0 9 10 12 24 40
9 <==> 1 8 11 13 25 41
10 <==> 2 8 11 14 26 42
11 <==> 3 9 10 15 27 43
12 <==> 4 8 13 14 28 44
13 <==> 5 9 12 15 29 45
14 <==> 6 10 12 15 30 46
15 <==> 7 11 13 14 31 47
16 <==> 0 17 18 20 24 48
17 <==> 1 16 19 21 25 49
18 <==> 2 16 19 22 26 50
19 <==> 3 17 18 23 27 51
20 <==> 4 16 21 22 28 52
21 <==> 5 17 20 23 29 53
22 <==> 6 18 20 23 30 54
23 <==> 7 19 21 22 31 55
24 <==> 8 16 25 26 28 56
25 <==> 9 17 24 27 29 57
26 <==> 10 18 24 27 30 58
27 <==> 11 19 25 26 31 59
28 <==> 12 20 24 29 30 60
29 <==> 13 21 25 28 31 61
30 <==> 14 22 26 28 31 62
31 <==> 15 23 27 29 30 63
32 <==> 0 33 34 36 40 48
33 <==> 1 32 35 37 41 49
34 <==> 2 32 35 38 42 50
35 <==> 3 33 34 39 43 51
36 <==> 4 32 37 38 44 52
37 <==> 5 33 36 39 45 53
38 <==> 6 34 36 39 46 54
39 <==> 7 35 37 38 47 55
40 <==> 8 32 41 42 44 56
41 <==> 9 33 40 43 45 57
42 <==> 10 34 40 43 46 58
43 <==> 11 35 41 42 47 59
44 <==> 12 36 40 45 46 60
45 <==> 13 37 41 44 47 61
46 <==> 14 38 42 44 47 62
47 <==> 15 39 43 45 46 63
48 <==> 16 32 49 50 52 56
49 <==> 17 33 48 51 53 57
50 <==> 18 34 48 51 54 58
51 <==> 19 35 49 50 55 59
52 <==> 20 36 48 53 54 60
53 <==> 21 37 49 52 55 61
54 <==> 22 38 50 52 55 62
55 <==> 23 39 51 53 54 63
56 <==> 24 40 48 57 58 60
57 <==> 25 41 49 56 59 61
58 <==> 26 42 50 56 59 62
59 <==> 27 43 51 57 58 63
60 <==> 28 44 52 56 61 62
61 <==> 29 45 53 57 60 63
62 <==> 30 46 54 58 60 63
63 <==> 31 47 55 59 61 62