0 <==> 1 5 14 15
1 <==> 0 2 6 16
2 <==> 1 3 7 17
3 <==> 2 4 8 18
4 <==> 3 9 10 19
5 <==> 0 6 9 10 20
6 <==> 1 5 7 11 21
7 <==> 2 6 8 12 22
8 <==> 3 7 9 13 23
9 <==> 4 5 8 14 24
10 <==> 4 5 11 25
11 <==> 6 10 12 26
12 <==> 7 11 13 27
13 <==> 8 12 14 28
14 <==> 0 9 13 29
15 <==> 0 16 20 29 30
16 <==> 1 15 17 21 31
17 <==> 2 16 18 22 32
18 <==> 3 17 19 23 33
19 <==> 4 18 24 25 34
20 <==> 5 15 21 24 25 35
21 <==> 6 16 20 22 26 36
22 <==> 7 17 21 23 27 37
23 <==> 8 18 22 24 28 38
24 <==> 9 19 20 23 29 39
25 <==> 10 19 20 26 40
26 <==> 11 21 25 27 41
27 <==> 12 22 26 28 42
28 <==> 13 23 27 29 43
29 <==> 14 15 24 28 44
30 <==> 15 31 35 44
31 <==> 16 30 32 36
32 <==> 17 31 33 37
33 <==> 18 32 34 38
34 <==> 19 33 39 40
35 <==> 20 30 36 39 40
36 <==> 21 31 35 37 41
37 <==> 22 32 36 38 42
38 <==> 23 33 37 39 43
39 <==> 24 34 35 38 44
40 <==> 25 34 35 41
41 <==> 26 36 40 42
42 <==> 27 37 41 43
43 <==> 28 38 42 44
44 <==> 29 30 39 43