0 <==> 1 5 14 15
1 <==> 0 2 6 16
2 <==> 1 3 7 17
3 <==> 2 4 8 18
4 <==> 3 9 10 19
5 <==> 0 6 9 10 20
6 <==> 1 5 7 11 21
7 <==> 2 6 8 12 22
8 <==> 3 7 9 13 23
9 <==> 4 5 8 14 24
10 <==> 4 5 11 25
11 <==> 6 10 12 26
12 <==> 7 11 13 27
13 <==> 8 12 14 28
14 <==> 0 9 13 29
15 <==> 0 16 20 29
16 <==> 1 15 17 21
17 <==> 2 16 18 22
18 <==> 3 17 19 23
19 <==> 4 18 24 25
20 <==> 5 15 21 24 25
21 <==> 6 16 20 22 26
22 <==> 7 17 21 23 27
23 <==> 8 18 22 24 28
24 <==> 9 19 20 23 29
25 <==> 10 19 20 26
26 <==> 11 21 25 27
27 <==> 12 22 26 28
28 <==> 13 23 27 29
29 <==> 14 15 24 28