0 <==> 1 5 9 10
1 <==> 0 2 6 11
2 <==> 1 3 7 12
3 <==> 2 4 8 13
4 <==> 3 5 9 14
5 <==> 0 4 6 15
6 <==> 1 5 7 16
7 <==> 2 6 8 17
8 <==> 3 7 9 18
9 <==> 0 4 8 19
10 <==> 0 11 15 19 20
11 <==> 1 10 12 16 21
12 <==> 2 11 13 17 22
13 <==> 3 12 14 18 23
14 <==> 4 13 15 19 24
15 <==> 5 10 14 16 25
16 <==> 6 11 15 17 26
17 <==> 7 12 16 18 27
18 <==> 8 13 17 19 28
19 <==> 9 10 14 18 29
20 <==> 10 21 25 29
21 <==> 11 20 22 26
22 <==> 12 21 23 27
23 <==> 13 22 24 28
24 <==> 14 23 25 29
25 <==> 15 20 24 26
26 <==> 16 21 25 27
27 <==> 17 22 26 28
28 <==> 18 23 27 29
29 <==> 19 20 24 28