0 <==> 1 5 9 10 50 90
1 <==> 0 2 6 11 51 91
2 <==> 1 3 7 12 52 92
3 <==> 2 4 8 13 53 93
4 <==> 3 5 9 14 54 94
5 <==> 0 4 6 15 55 95
6 <==> 1 5 7 16 56 96
7 <==> 2 6 8 17 57 97
8 <==> 3 7 9 18 58 98
9 <==> 0 4 8 19 59 99
10 <==> 0 11 15 19 20 60
11 <==> 1 10 12 16 21 61
12 <==> 2 11 13 17 22 62
13 <==> 3 12 14 18 23 63
14 <==> 4 13 15 19 24 64
15 <==> 5 10 14 16 25 65
16 <==> 6 11 15 17 26 66
17 <==> 7 12 16 18 27 67
18 <==> 8 13 17 19 28 68
19 <==> 9 10 14 18 29 69
20 <==> 10 21 25 29 30 70
21 <==> 11 20 22 26 31 71
22 <==> 12 21 23 27 32 72
23 <==> 13 22 24 28 33 73
24 <==> 14 23 25 29 34 74
25 <==> 15 20 24 26 35 75
26 <==> 16 21 25 27 36 76
27 <==> 17 22 26 28 37 77
28 <==> 18 23 27 29 38 78
29 <==> 19 20 24 28 39 79
30 <==> 20 31 35 39 40 80
31 <==> 21 30 32 36 41 81
32 <==> 22 31 33 37 42 82
33 <==> 23 32 34 38 43 83
34 <==> 24 33 35 39 44 84
35 <==> 25 30 34 36 45 85
36 <==> 26 31 35 37 46 86
37 <==> 27 32 36 38 47 87
38 <==> 28 33 37 39 48 88
39 <==> 29 30 34 38 49 89
40 <==> 30 41 45 49 50 90
41 <==> 31 40 42 46 51 91
42 <==> 32 41 43 47 52 92
43 <==> 33 42 44 48 53 93
44 <==> 34 43 45 49 54 94
45 <==> 35 40 44 46 55 95
46 <==> 36 41 45 47 56 96
47 <==> 37 42 46 48 57 97
48 <==> 38 43 47 49 58 98
49 <==> 39 40 44 48 59 99
50 <==> 0 40 51 55 59 60
51 <==> 1 41 50 52 56 61
52 <==> 2 42 51 53 57 62
53 <==> 3 43 52 54 58 63
54 <==> 4 44 53 55 59 64
55 <==> 5 45 50 54 56 65
56 <==> 6 46 51 55 57 66
57 <==> 7 47 52 56 58 67
58 <==> 8 48 53 57 59 68
59 <==> 9 49 50 54 58 69
60 <==> 10 50 61 65 69 70
61 <==> 11 51 60 62 66 71
62 <==> 12 52 61 63 67 72
63 <==> 13 53 62 64 68 73
64 <==> 14 54 63 65 69 74
65 <==> 15 55 60 64 66 75
66 <==> 16 56 61 65 67 76
67 <==> 17 57 62 66 68 77
68 <==> 18 58 63 67 69 78
69 <==> 19 59 60 64 68 79
70 <==> 20 60 71 75 79 80
71 <==> 21 61 70 72 76 81
72 <==> 22 62 71 73 77 82
73 <==> 23 63 72 74 78 83
74 <==> 24 64 73 75 79 84
75 <==> 25 65 70 74 76 85
76 <==> 26 66 71 75 77 86
77 <==> 27 67 72 76 78 87
78 <==> 28 68 73 77 79 88
79 <==> 29 69 70 74 78 89
80 <==> 30 70 81 85 89 90
81 <==> 31 71 80 82 86 91
82 <==> 32 72 81 83 87 92
83 <==> 33 73 82 84 88 93
84 <==> 34 74 83 85 89 94
85 <==> 35 75 80 84 86 95
86 <==> 36 76 81 85 87 96
87 <==> 37 77 82 86 88 97
88 <==> 38 78 83 87 89 98
89 <==> 39 79 80 84 88 99
90 <==> 0 40 80 91 95 99
91 <==> 1 41 81 90 92 96
92 <==> 2 42 82 91 93 97
93 <==> 3 43 83 92 94 98
94 <==> 4 44 84 93 95 99
95 <==> 5 45 85 90 94 96
96 <==> 6 46 86 91 95 97
97 <==> 7 47 87 92 96 98
98 <==> 8 48 88 93 97 99
99 <==> 9 49 89 90 94 98